t(s),Total solute volume 1,Total retention volume 1,Total 1 volume 1,Total 2 volume 1,Total 3 volume 1,Total 4 volume 1,Total 5 volume 1,Total 6 volume 1
0.1,1323473711248431.8,2617890617675497.5,487117646595586.6,807299259831480.0,0.0,0.0,0.0,-8.892789209081686e-83
0.202,1973336972779580.5,3954017143736536.5,726306300294494.6,1203706394231904.0,10550758087.932291,37517559091.87267,1358988602308.4058,49260419511068.945
0.30604000000000003,2458090271251324.5,4990590088294562.0,904724576714081.5,1499398773658267.5,26547772350.151054,94402625262.8927,3421524801654.868,124833991471623.7
0.41216080000000005,2858782454564172.5,5881671667340225.0,1052203322158615.9,1743815102108729.0,46777213669.07912,166338393435.3044,6030232602237.371,220627440299370.3
0.5204040160000001,3206361365319089.5,6685583099426087.0,1180133198970179.5,1955833115687036.5,70656188348.4094,251252049948.0889,9109832809055.375,333823678402429.0
0.6308120963200001,3516390511057514.0,7431402462271524.0,1294242511158143.0,2144946326329577.0,97837350816.37732,347908428484.4084,12615500415317.48,462761867531669.4
0.7434283382464002,3797984039173917.5,8136030184859908.0,1397885811411213.0,2316714230055273.5,128090194533.7085,455487852407.6263,16517499220590.217,606345026951970.0
0.8582969050113283,4057020428838444.0,8810299880635244.0,1493226732492865.5,2474722612611936.0,161251862601.7681,573411211054.2704,20794825468702.227,763800618149641.4
0.9754628431115548,4297553553086030.0,9461648376588568.0,1581757342710632.5,2621444276790061.5,197202710771.84955,701253059796.6362,25432052108494.94,934562696122780.2
1.094972099973786,4522519959636056.0,1.0095447383402834e+16,1664558467667776.8,2758670473371266.5,235852655519.7958,838693073007.0985,30417566413385.14,1118206370585819.8
1.2168715419732616,4734128637452054.0,1.0715733706680018e+16,1742443147726818.5,2887748653010163.0,277132890861.103,985486588699.9639,35742500893778.25,1314408148117648.8
1.3412089728127268,4934091717565490.0,1.132563933072057e+16,1816041549744343.8,3009723190345745.0,320990544538.8378,1141445605766.8225,41400043682303.46,1522920393232382.8
1.4680331522689813,5123768874958297.0,1.1927659315107014e+16,1885854115621124.8,3125423467024713.0,367385063114.73914,1306425929278.0496,47384972079849.086,1743554074430632.2
1.597393815314361,5304261872928987.0,1.2523826360160706e+16,1952286360296941.2,3235521542372252.5,416285672633.60834,1480318140567.0637,53693324914889.91,1976166655834434.5
1.729341691620648,5476478798602223.0,1.3115828858377048e+16,2015672514269064.0,3340571336106198.5,467669539307.1939,1663041056608.0308,60322165238433.64,2220653333565228.2
1.863928525453061,5641179080442697.0,1.3705093252035944e+16,2076292092736155.5,3441036088356708.5,521520403037.5917,1854536870824.827,67269404033007.414,2476940529193504.5
2.001207095962122,5799005880156000.0,1.4292843032367196e+16,2134381817759662.0,3537308118248007.5,577827540429.2292,2054767465569.8435,74533666435448.31,2744980954762074.0
2.1412312378813647,5950509934863817.0,1.4880141982272462e+16,2190144393613588.2,3629723367273419.0,636584963562.8977,2263711562978.0396,82114188378479.06,3024749801616620.0
2.284055862638992,6096167456073316.0,1.5467926508436294e+16,2243755094678254.0,3718572317402568.0,697790791363.2937,2481362489567.196,90010735499932.3,3316241751501295.0
2.4297369798917723,6236393801811397.0,1.6057030243556462e+16,2295366797605296.0,3804108330881377.0,761446749855.7174,2707726399170.541,98223538680395.47,3619468601428973.5
2.578331719489608,6371554081481305.0,1.6648203060713142e+16,2345113884540659.0,3886554119038070.5,827557770374.0737,2942820844186.22,106753242217509.48,3934457354821056.5
2.7298983538794,6501971494761221.0,1.7242125975446524e+16,2393115312339164.0,3966106828888165.5,896131663373.662,3186673615679.0024,115600861753757.86,4261248672425155.5
2.884496320956988,6627933969570736.0,1.7839422972719744e+16,2439477055734088.5,4042942092195938.5,967178851416.3779,3439321793900.3936,124767749837710.55,4599895604735945.0
3.0421862473761276,6749699504771775.0,1.844067050109033e+16,2484294073771382.0,4117217284443117.5,1040712149050.095,3700810965565.7393,134255567534675.17,4950462547454783.0
3.2030299723236504,6867500513631916.0,1.904640517410137e+16,2527651908464594.0,4189074174277324.5,1116746580275.2078,3971194574792.41,144066260886072.1,5313024375686389.0
3.3670905717701234,6981547387277774.0,1.9657130077569716e+16,2569627996359235.5,4258641097165945.0,1195299226451.2932,4250533382284.237,154202041295526.16,5687665722862508.0
3.5344323832055258,7092031442681126.0,2.0273319981084876e+16,2610292753568508.5,4326034753624193.5,1276389099090.479,4538895013014.126,164665369125265.88,6074480377973662.0
3.7051210308696363,7199127380201091.0,2.0895425679690412e+16,2649710480296054.0,4391361708279457.0,1360037033175.725,4836353576894.577,175458939940166.06,6473570780363572.0
3.879223451487029,7302995346750908.0,2.1523877638865132e+16,2687940120205072.5,4454719648372539.0,1446265597544.4495,5142989350133.577,186585672953146.34,6885047595635786.0
4.0568079205167695,7403782679178934.0,2.2159089076810604e+16,2725035902087002.0,4516198447194352.0,1535099019568.5042,5458888507429.599,198048701314750.16,7309029359508560.0
4.237944078927105,7501625386333216.0,2.2801458588780636e+16,2761047885350132.5,4575881068123337.0,1626563121895.8499,5784142897059.405,209851363958642.22,7745642178996355.0
4.422702960505647,7596649416051369.0,2.3451372396041684e+16,2796022426347835.5,4633844337470613.0,1720685269436.7747,6118849852396.521,221997198768627.1,8195019482281409.0
4.61115701971576,7688971743949732.0,2.4109206285131504e+16,2830002579118240.5,4690159608625224.0,1817494325106.237,6463112034568.052,234489936875199.47,8657301810203443.0
4.803380160110075,7778701313642805.0,2.47753272900346e+16,2863028441441341.5,4744893335574114.0,1917020613095.445,6817037301886.841,247333497923374.78,9132636643537954.0
4.9994477633122765,7865939852374863.0,2.5450095159741304e+16,2895137455040353.5,4798107570425381.0,2019295888655.1096,7180738602440.575,260531986180543.2,9621178261229048.0
5.199436718578522,7950782581604884.0,2.613386364569934e+16,2926364667119515.0,4849860396854469.0,2124353313541.647,7554333886819.921,274089687374877.53,1.012308762554523e+16
5.403425452950093,8033318838567391.0,2.6826981637376212e+16,2956742959135762.0,4900206309247245.0,2232227436414.784,7937946038455.534,288011066172516.9,1.0638532290778446e+16
5.611493962009095,8113632622025844.0,2.752979416914842e+16,2986303247668714.0,4949196545601363.0,2342954177587.1665,8331702819432.292,302300764216211.56,1.116768633263928e+16
5.823723841249277,8191803073180715.0,2.824264331772462e+16,3015074661423631.5,4996879380873132.0,2456570817618.699,8735736829977.402,316963598660010.4,1.1710730295939532e+16
6.040198318074262,8267904900872808.0,2.8965869006078428e+16,3043084697731754.0,5043300386345267.0,2573115989324.722,9150185480089.688,332004561144394.8,1.2267851158514788e+16
6.261002284435747,8342008758741555.0,2.9699809727247908e+16,3070359361367147.0,5088502659687801.0,2692629672830.3867,9575190972003.15,347428817164460.8,1.2839242309642094e+16
6.486222330124463,8414181580787005.0,3.044480319922088e+16,3096923288053638.5,5132527029646043.0,2815153193356.651,10010900292366.271,363241705790573.7,1.3425103541457892e+16
6.715946776726952,8484486880789163.0,3.1201186960375444e+16,3122799854669076.0,5175412238681840.0,2940729221467.9062,10457465213176.703,379448739706655.6,1.4025641052094098e+16
6.950265712261491,8552985020216041.0,3.196929891350098e+16,3148011277851571.0,5217195106393541.0,3069401775548.5737,10915042300644.47,396055605536125.06,1.4641067459427484e+16
7.18927102650672,8619733448569653.0,3.274947782523073e+16,3172578702461182.0,5257910676123577.0,3201216226308.0596,11383792931270.256,413068164429593.75,1.5271601824489166e+16
7.433056447036854,8684786919549845.0,3.3542063786724812e+16,3196522281141214.0,5297592346815054.0,3336219303140.3813,11863883314521.09,430492452891933.0,1.591746968370907e+16
7.681717575977592,8748197685939540.0,3.434739864061009e+16,3219861246047661.0,5336271991889037.0,3474459102187.962,12355484521568.523,448334683829292.3,1.6578903089280796e+16
7.935351927497144,8810015675714301.0,3.516582637849118e+16,3242613973668039.5,5373980066668619.0,3615985095978.874,12858772519624.705,466601247799224.0,1.725614065702539e+16
8.194058966047088,8870288651540427.0,3.599769351275721e+16,3264798043526311.0,5410745705670483.0,3760848144524.059,13373928211472.303,485298714449259.94,1.794942762121476e+16
8.45794014536803,8929062355539585.0,3.684334942591704e+16,3286430291464885.5,5446596810909176.0,3909100507775.505,13901137479837.113,504433834131196.6,1.8659015895884612e+16
8.72709894827539,8986380640953746.0,3.770314670027354e+16,3307526858105261.5,5481560132210732.0,4060795859359.4927,14440591236297.465,524013539679996.25,1.9385164142228144e+16
9.0016409272409,9042285592136154.0,3.857744143039125e+16,3328103233011866.0,5515661340405424.0,4215989301509.853,14992485474463.756,544044948347628.9,2.0128137841714212e+16
9.281673745785717,9096817634116164.0,3.946659352050653e+16,3348174295018457.5,5548925094160649.0,4374737381136.079,15557021327196.746,564535363883466.0,2.088820937461948e+16
9.567307220701432,9150015632831928.0,4.037096696876713e+16,3367754349119843.5,5581375101121429.0,4537098106969.506,16134405127662.432,585492278753881.4,2.166565810370536e+16
9.85865336511546,9201916986994310.0,4.129093013996515e+16,3386857160283199.5,5613034173945994.0,4703130967738.335,16724848474048.994,606923376494749.0,2.2460770462805104e+16
10.155826432417769,9252557712429728.0,4.222685602823241e+16,3405495984491391.0,5643924281753690.0,4872896951328.686,17328568297793.379,628836534191280.4,2.3273840050117276e+16
10.458942961066125,9301972519652768.0,4.317912251100181e+16,3423683597294292.0,5674066597443121.0,5046458564894.823,17945786935186.676,651239825080488.1,2.410516772603108e+16
10.768121820287448,9350194885331968.0,4.4148112595390904e+16,3441432320112455.5,5703481541285167.0,5223879855886.7295,18576732202245.605,674141521272147.0,2.4955061715331044e+16
11.083484256693197,9397257118238194.0,4.513421465804303e+16,3458754044510142.5,5732188821150584.0,5405226433967.761,19221637472752.38,697550096584767.4,2.5823837713652584e+16
11.405153941827061,9443190420200080.0,4.61378226793458e+16,3475660254630502.5,5760207469691903.0,5590565493799.227,19880741759382.195,721474229493564.2,2.6711818998076588e+16
11.733257020663602,9488024942533120.0,4.715933647285859e+16,3492162047964884.5,5787555878764238.0,5779965838672.239,20554289797847.082,745922806187934.8,2.761933654177183e+16
12.067922161076874,9531789838358898.0,4.81991619106887e+16,3508270154609518.5,5814251831339454.0,5973497904970.558,21242532133999.477,770904923736324.8,2.8546729132605572e+16
12.409280604298411,9574513311188068.0,4.9257711145493144e+16,3523994955146814.0,5840312531140777.0,6171233787450.962,21945725213847.496,796429893356747.5,2.94943434956594e+16
12.75746621638438,9616222660099980.0,5.033540282970894e+16,3539346497274341.0,5865754630201967.0,6373247265330.276,22664131476443.227,822507243791592.4,3.0462534419599316e+16
13.112615540712067,9656944321819100.0,5.143266233256627e+16,3554334511291340.0,5890594254533098.0,6579613829170.709,23398019449614.742,849146724785606.2,3.1451664886858336e+16
13.474867851526309,9696703909957294.0,5.2549921955383816e+16,3568968424542296.5,5914847028057898.0,6790410708556.918,24147663848518.33,876358310666258.1,3.246210620760303e+16
13.844365208556836,9735526251664180.0,5.368762114560611e+16,3583257374906476.0,5938528094969872.0,7005716900560.574,24913345676997.47,904152204025913.9,3.349423815746207e+16
14.221252512727972,9773435421904248.0,5.484620671000039e+16,3597210223413922.0,5961652140640809.0,7225613198989.799,25695352331736.496,932538839505495.6,3.4548449119005124e+16
14.605677562982532,9810454775557592.0,5.602613302739948e+16,3610835566060475.5,5984233411201801.0,7450182224422.12,26493977709208.133,961528887679480.4,3.562513622696643e+16
14.997791114242183,9846606977522834.0,5.722786226134438e+16,3624141744887443.0,6006285731905515.0,7679508455021.754,27309522315414.266,991133259042317.9,3.672470551721582e+16
15.397746936527026,9881914030983274.0,5.845186457295525e+16,3637136858385237.5,6027822524368214.0,7913678258142.497,28142293378428.426,1021363108096488.4,3.7847572079485416e+16
15.805701875257567,9916397303982772.0,5.969861833433383e+16,3649828771274900.5,6048856822780531.0,8152779922719.639,28992604963748.426,1052229837542592.5,3.899416021386665e+16
16.221815912762718,9950077554443874.0,6.096861034278204e+16,3662225123716257.5,6069401289168264.0,8396903692454.547,29860778092476.35,1083745102572019.5,4.01649035910968e+16
16.64625223101797,9982974953748816.0,6.226233603609857e+16,3674333339987172.0,6089468227776370.0,8646141799797.483,30747140862342.7,1115920815262860.8,4.136024541666123e+16
17.079177275638333,1.0015109108993032e+16,6.3580299709202344e+16,3686160636674112.5,6109069598643268.0,8900588500734.41,31652028571597.75,1148769149079883.0,4.258063859873969e+16
17.5207608211511,1.0046499084011254e+16,6.492301473231476e+16,3697714030411069.0,6128217030426475.0,9160340110385.113,32575783845794.44,1182302543479437.5,4.382654592003031e+16
17.97117603757412,1.0077163419266722e+16,6.629100377092022e+16,3709000345199974.0,6146921832534760.0,9425495039420.162,33518756767492.16,1216533708620414.2,4.509844021349144e+16
18.430599558325603,1.0107120150687422e+16,6.768479900771097e+16,3720026219343527.0,6165195006617834.0,9696153831305.762,34481305008911.793,1251475630182277.8,4.639680454203961e+16
18.899211549492115,1.0136386827524396e+16,6.910494236671431e+16,3730798112018157.5,6183047257459816.0,9972419200385.47,35463793967575.195,1287141574291437.5,4.772213238225245e+16
19.37719578048196,1.0164980529302324e+16,7.055198573978893e+16,3741322309512848.0,6200489003318755.0,10254396070809.111,36466596904966.89,1323545092557337.2,4.90749278121219e+16
19.864739696091597,1.0192917881925386e+16,7.202649121566992e+16,3751604931157027.0,6217530385750898.0,10542191616319.719,37490095088255.07,1360700027219549.8,5.045570570291242e+16
20.36203449001343,1.0220215072996918e+16,7.352903131173187e+16,3761651934959183.0,6234181278955614.0,10835915300909.404,38534677935113.25,1398620516407445.0,5.186499191517678e+16
20.869275179813698,1.024688786640635e+16,7.506018920863909e+16,3771469122975672.5,6250451298673073.0,11135678920356.76,39600743161685.32,1437320999513946.5,5.330332349898796e+16
21.38666068340997,1.0272951616232296e+16,7.66205589880372e+16,3781062146427925.5,6266349810664964.0,11441596644657.834,40688696933739.54,1476816222685043.0,5.47712488984486e+16
21.91439389707817,1.0298421280007042e+16,7.821074587344451e+16,3790436510584530.5,6281885938805622.0,11753785061363.723,41798954021057.3,1517121244426705.5,5.6269328160538184e+16
22.452681775019734,1.032331143138375e+16,7.983136647448854e+16,3799597579423564.0,6297068572808841.0,12072363219838.967,42931937955105.75,1558251441331044.8,5.779813314836647e+16
23.00173541052013,1.0347636272244622e+16,8.148304903463685e+16,3808550580089144.0,6311906375613712.0,12397452676453.98,44088081190046.04,1600222513923494.0,5.935824775889941e+16
23.561770118730532,1.0371409644285478e+16,8.316643368256002e+16,3817300607155148.0,6326407790450989.0,12729177540726.705,45267825267127.17,1643050492632938.5,6.095026814522776e+16
24.133005521105144,1.0394645040108494e+16,8.488217268726981e+16,3825852626708142.5,6340581047609462.0,13067664522428.223,46471620982521.56,1686751743886754.8,6.257480294345195e+16
24.715665631527248,1.0417355613854012e+16,8.663093071716338e+16,3834211480260375.5,6354434170921302.0,13413042979668.113,47699928558656.234,1731342976332759.2,6.423247350425672e+16
25.309978944157795,1.0439554191398008e+16,8.841338510311386e+16,3842381888503224.0,6367974983982323.0,13765444967975.09,48953217819098.65,1776841247190171.2,6.5923914129252984e+16
25.91617852304095,1.0461253280142046e+16,9.023022610573096e+16,3850368454910318.5,6381211116123624.0,14125005290389.44,50231968367053.33,1823263968731710.0,6.764977231216587e+16
26.53450209350177,1.0482465078418134e+16,9.208215718693046e+16,3858175669199208.0,6394150008148522.0,14491861548584.467,51536669767532.77,1870628914899006.2,6.9410708984949464e+16
27.165192135371807,1.050320148453136e+16,9.39698952859328e+16,3865807910659548.0,6406798917848384.0,14866154195033.33,52867821733261.7,1918954228053578.0,7.120739876891176e+16
27.808495978079243,1.0523474105460236e+16,9.589417109982629e+16,3873269451355348.0,6419164925309689.0,15248026586239.75,54225934314378.48,1968258425865730.2,7.304053023093461e+16
28.464665897640828,1.0543294265233744e+16,9.785572936881402e+16,3880564459208217.0,6431254938023896.0,15637625037049.918,55611528092001.73,2018560408343581.2,7.491080614487525e+16
29.133959215593645,1.0562673013002388e+16,9.9855329166277e+16,3887697000968061.5,6443075695810719.0,16035098876064.502,57025134375721.164,2069879465004799.5,7.681894375823923e+16
29.816638399905518,1.058162113082005e+16,1.0189374419377587e+17,3894671045077149.5,6454633775564874.0,16440600502169.383,58467295405088.67,2122235282193383.0,7.876567506421318e+16
30.51297116790363,1.0600149141151112e+16,1.0397176308111437e+17,3901490464433316.5,6465935595835386.0,16854285442204.309,59938564555172.19,2175647950544022.2,8.075174707915333e+16
31.223230591261704,1.0618267314117612e+16,1.0609018969159638e+17,3908159039057265.5,6476987421246140.0,17276312409789.094,61439506546246.26,2230137972596645.5,8.277792212562256e+16
31.947695203086937,1.0635985674499222e+16,1.0824984343259146e+17,3914680458668992.5,6487795366765874.0,17706843365327.33,62970697657689.984,2285726270563687.0,8.48449781210705e+16
32.686649107148675,1.0653314008498318e+16,1.1045155957154691e+17,3921058325177767.5,6498365401834662.0,18146043577208.273,64532725946165.69,2342434194252804.0,8.695370887225962e+16
33.44038208929165,1.067026187028181e+16,1.126961895575581e+17,3927296155089878.5,6508703354354419.0,18594081684227.22,66126191468153.44,2400283529147725.0,8.910492437553194e+16
34.20918973107749,1.0686838588310124e+16,1.1498460134863626e+17,3933397381838137.0,6518814914549507.0,19051129759245.383,67751706506915.96,2459296504649988.5,9.129945112302261e+16
34.993373525699035,1.0703053271463832e+16,1.1731767974478896e+17,3939365358036779.0,6528705638703758.0,19517363374112.01,69409895803974.64,2519495802484398.0,9.353813241492222e+16
35.793240996213015,1.0718914814976698e+16,1.1969632672704778e+17,3945203357665207.5,6538380952779639.0,19992961665868.797,71101396795171.34,2580904565271059.5,9.58218286778941e+16
36.60910581613728,1.0734431906184336e+16,1.2212146180256805e+17,3950914578183862.5,6547846155924844.0,20478107404260.79,72826859851399.53,2643546405266917.0,9.815141778975245e+16
37.44128793246003,1.0749613030096754e+16,1.2459402235593099e+17,3956502142585194.0,6557106423871434.0,20972987060574.69,74586948524085.02,2707445413279738.0,1.0052779541051325e+17
38.29011369110923,1.0764466474802e+16,1.2711496400677514e+17,3961969101382632.0,6566166812232010.0,21477790877829.06,76382339795499.3,2772626167757629.5,1.029518753199275e+17
39.15591596493141,1.077900033670901e+16,1.2968526097389034e+17,3967318434540142.5,6575032259697725.0,21992712942339.26,78213724333991.7,2839113744056993.0,1.0542458976161005e+17
40.03903428423004,1.0793222525635676e+16,1.3230590644590498e+17,3972553053345043.5,6583707591141985.0,22517951256680.85,80081806754221.8,2906933723892301.0,1.0794688979387898e+17
40.93981496991464,1.080714076974907e+16,1.3497791295869904e+17,3977675802226225.5,6592197520633859.0,23053707814075.664,81987305882486.33,2976112204970646.5,1.1051974564742278e+17
41.85861126931294,1.0820762620363672e+16,1.3770231277967738e+17,3982689460520251.0,6600506654364942.0,23600188674225.95,83930955027223.38,3046675810814315.5,1.1314414708991288e+17
42.7957834946992,1.0834095456603394e+16,1.4048015829903773e+17,3987596744187231.5,6608639493493208.0,24157604040620.586,85913502254785.83,3118651700774816.5,1.1582110379768365e+17
43.751699164593184,1.0847146489932878e+16,1.4331252242817029e+17,3992400307478611.5,6616600436906841.0,24726168339338.98,87935710670578.25,3192067580241547.5,1.1855164573460046e+17
44.72673314788505,1.0859922768562926e+16,1.4620049900532864e+17,3997102744558615.5,6624393783911656.0,25306100299379.16,89998358705646.47,3266951711048495.5,1.213368235382419e+17
45.721267810842754,1.0872431181735068e+16,1.4914520320870707e+17,4001706591081284.0,6632023736844581.0,25897623034535.652,92102240408817.14,3343332922082519.0,1.2417770891352021e+17
46.73569316705961,1.0884678463889978e+16,1.5214777197707034e+17,4006214325724628.0,6639494403616257.0,26500964126853.53,94248165744482.06,3421240620096513.5,1.2707539503387174e+17
47.770407030400804,1.089667119872363e+16,1.5520936443807206e+17,4010628371683601.5,6646809800185315.0,27116355711685.887,96436960896125.23,3500704800731289.0,1.3003099695014078e+17
48.82581517100882,1.0908415823135752e+16,1.5833116234441347e+17,4014951098123303.0,6653973852966813.0,27744034564382.87,98669468575692.12,3581756059749337.5,1.3304565200729842e+17
49.902331474429,1.0919918631074214e+16,1.6151437051797718e+17,4019184821594029.0,6660990401177322.0,28384242188638.477,100946548338899.34,3664425604484628.5,1.3612052026911957e+17
51.000378103917576,1.0931185777279256e+16,1.6476021730209446e+17,4023331807409264.5,6667863199118796.0,29037224906524.586,103269076906591.4,3748745265511763.0,1.392567849509625e+17
52.120385665995926,1.0942223280930698e+16,1.6806995502208694e+17,4027394270988200.5,6674595918403321.0,29703233950240.516,105637948492242.08,3834747508538390.0,1.4245565286078371e+17
53.262793379315845,1.0953037029202198e+16,1.7144486045423363e+17,4031374379163750.5,6681192150121153.0,30382525555606.527,108054075135709.81,3922465446524727.5,1.4571835484853008e+17
54.42804924690216,1.0963632780724744e+16,1.7488623530331882e+17,4035274251457513.0,6687655406953421.0,31075361057331.6,110518387043352.08,4011932852033982.0,1.490461462640482e+17
55.616610231840205,1.097401616896351e+16,1.7839540668891213e+17,4039095961322535.0,6693989125232023.0,31782006986084.535,113031832934606.64,4103184169817682.0,1.5244030742365578e+17
56.828942436477014,1.0984192705510364e+16,1.8197372764053494e+17,4042841537355136.0,6700196666947800.0,32502735167398.88,115595380395148.95,4196254529639773.0,1.559021440855194e+17
58.06552128520656,1.0994167783294658e+16,1.8562257760187203e+17,4046512964476772.5,6706281321709306.0,33237822822442.145,118210016236737.75,4291179759343668.0,1.5943298793398858e+17
59.32683171091069,1.1003946679715686e+16,1.8934336294418675e+17,4050112185086889.5,6712246308653442.0,33987552670680.746,120876746863860.95,4387996398166199.0,1.6303419707303005e+17
60.613368345128904,1.101353455969863e+16,1.9313751748910147e+17,4053641100187725.5,6718094778309512.0,34752213034471.25,123596598647293.81,4486741710302715.5,1.66707156528921e+17
61.925635712031486,1.1022936478676906e+16,1.970065030409022e+17,4057101570481939.5,6723829814418452.0,35532097945610.69,126370618304689.53,4587453698727469.0,1.7045327876234714e+17
63.264148426272115,1.1032157385502868e+16,2.009518099285341e+17,4060495417444048.5,6729454435708376.0,36327507253877.21,129199873288314.48,4690171119273602.0,1.7427400419006304e+17
64.62943139479756,1.1041202125289738e+16,2.0497495755745872e+17,4063824424366278.5,6734971597627997.0,37138746737594.9,132085452180049.62,4794933494976961.0,1.781708017162795e+17
66.02202002269351,1.105007544218611e+16,2.0907749497152416e+17,4067090337379854.0,6740384194039105.0,37966128216253.65,135028465093777.66,4901781130688136.0,1.821451692739207e+17
67.44246042314738,1.1058781982085826e+16,2.132610014250432e+17,4070294866452362.0,6745695058869526.0,38809969665221.06,138030044085277.38,5010755127957312.0,1.8619863437592742e+17
68.89130963161033,1.1067326295274894e+16,2.17527086965223e+17,4073439686361944.0,6750906967727723.0,39670595332575.09,141091343569746.84,5121897400195999.0,1.9033275467675974e+17
70.36913582424253,1.1075712839017258e+16,2.218773930251413e+17,4076526437649079.0,6756022639480036.0,40548335858096.945,144213540747083.53,5235250688120683.0,1.945491185442687e+17
71.87651854072739,1.1083945980081712e+16,2.2631359302743248e+17,4079556727546568.5,6761044737792077.0,41443528394455.18,147397836035043.28,5350858575482554.0,1.988493456420998e+17
73.41404891154194,1.1092029997211178e+16,2.3083739299886237e+17,4082532130888458.5,6765975872635049.0,42356516730616.59,150645453510410.88,5468765505088182.0,2.0323508752279827e+17
74.98232988977279,1.1099969083536634e+16,2.3545053219597206e+17,4085454190998446.5,6770818601758018.0,43287651417520.9,153957641358301.4,5589016795115815.0,2.0770802823178768e+17
76.58197648756824,1.1107767348937078e+16,2.4015478374196803e+17,4088324420558485.0,6775575432127627.0,44237289896052.914,157335672329740.97,5711658655731859.0,2.1226988492238704e+17
78.21361601731961,1.1115428822347034e+16,2.4495195527503987e+17,4091144302458137.5,6780248821335542.0,45205796627348.46,160780844207634.53,5836738206012644.0,2.1692240848205174e+17
79.87788833766601,1.1122957454013456e+16,2.4984388960829642e+17,4093915290625216.5,6784841178975160.0,46193543225472.445,164294480281275.38,5964303491175968.0,2.2166738417000003e+17
81.57544610441933,1.1130357117703278e+16,2.5483246540149062e+17,4096638810838287.0,6789354867988210.0,47200908592502.516,167877929829521.22,6094403500127681.0,2.265066322664109e+17
83.30695502650772,1.1137631612863374e+16,2.5991959784473475e+17,4099316261521690.5,6793792205982265.0,48228279056059.2,171532568612769.5,6227088183327931.0,2.3144200873337075e+17
85.07309412703788,1.1144784666733938e+16,2.6510723935438646e+17,4101949014523401.5,6798155466519844.0,49276048509315.75,175259799373881.28,6362408470982221.0,2.3647540588774355e+17
86.87455600957864,1.1151819936417174e+16,2.7039738028129482e+17,4104538415876325.5,6802446880380319.0,50344618553529.74,179061052348177.97,6500416291562452.0,2.41608753086157e+17
88.71204712977021,1.1158741010901916e+16,2.757920496316007e+17,4107085786543683.0,6806668636794977.0,51434398643130.73,182937785782664.28,6641164590662659.0,2.468440174222718e+17
90.58628807236562,1.1165551413046494e+16,2.8129331580028067e+17,4109592423148599.0,6810822884656343.0,52545806233405.24,186891486464607.8,6784707350195016.0,2.521832044365367e+17
92.49801383381293,1.1172254601519962e+16,2.8690328731763318e+17,4112059598688754.5,6814911733702519.0,53679266930815.04,190923670259626.7,6931099607931057.0,2.5762835883860045e+17
94.4479741104892,1.1178853972703848e+16,2.926241136088948e+17,4114488563236264.5,6818937255677045.0,54835214645990.8,195035882659418.2,7080397477393259.0,2.6318156524257955e+17
96.43693359269899,1.118535286255503e+16,2.9845798576719245e+17,4116880544623347.5,6822901485465381.0,56014091749436.805,199229699339287.9,7232658168102473.0,2.6884494891535725e+17
98.46567226455298,1.1191754548431222e+16,3.0440713734001926e+17,4119236749114218.5,6826806422208248.0,57216349229989.24,203506726725611.78,7387940006186403.0,2.7462067653812355e+17
100.53498570984404,1.1198062250879976e+16,3.104738451294411e+17,4121558362063556.5,6830654030393099.0,58442446856065.67,207868602573383.38,7546302455354389.0,2.8051095698132067e+17
102.64568542404092,1.1204279135392532e+16,3.1666043000622957e+17,4123846548561997.5,6834446240923781.0,59692853339746.54,212316996553994.38,7707806138244053.0,2.8651804209321328e+17
104.79859913252174,1.1210408314123324e+16,3.2296925773812077e+17,4126102454069059.0,6838184952169484.0,60968046503728.234,216853610853401.94,7872512858145069.0,2.926442275022566e+17
106.99457111517218,1.1216452847576466e+16,3.294027398324051e+17,4128327205033808.5,6841872030993420.0,62268513451189.305,221480180780817.94,8040485621105645.0,2.988918534334639e+17
109.23446253747562,1.1222415746259862e+16,3.359633343930489e+17,4130521909503747.0,6845509313761907.0,63594750738607.9,226198475388089.78,8211788658426977.0,3.052633055389699e+17
111.51915178822514,1.1228299972308452e+16,3.4265354699254886e+17,4132687657722180.5,6849098607334360.0,64947264551573.055,231010298099910.4,8386487449551434.0,3.117610157429823e+17
113.84953482398966,1.123410844107696e+16,3.494759315587298e+17,4134825522714541.0,6852641690035027.0,66326570883630.18,235917487355011.66,8564648745349923.0,3.1838746310131526e+17
116.22652552046945,1.1239844022703708e+16,3.564330912766751e+17,4136936560863870.5,6856140312606748.0,67733195718200.35,240921917258502.44,8746340591813792.0,3.251451746757101e+17
118.65105603087885,1.1245509543645786e+16,3.635276795060096e+17,4139021812475916.5,6859596199147500.0,69167675213615.02,246025498245491.5,8931632354157133.0,3.3203672642312454e+17
121.12407715149642,1.1251107788187104e+16,3.707624007137389e+17,4141082302334160.5,6863011048030149.0,70630555891308.55,251230177756158.84,9120594741334938.0,3.3906474410020416e+17
123.64655869452635,1.1256641499919662e+16,3.78140011422827e+17,4143119040245028.5,6866386532806172.0,72122394827204.97,256537940922422.66,9313299830982624.0,3.4623190418312403e+17
126.21948986841687,1.1262113383199394e+16,3.856633211767544e+17,4145133021573706.0,6869724303093558.0,73643759846346.58,261950811266362.75,9509821094782760.0,3.5354093480299104e+17
128.8438796657852,1.1267526104576988e+16,3.933351935202199e+17,4147125227770792.5,6873025985449615.0,75195229720797.66,267470851410549.8,9710233424264288.0,3.609946166970266e+17
131.52075725910092,1.1272882294204698e+16,4.011585469962246e+17,4149096626890087.0,6876293184229255.0,76777394370870.3,273100163800433.28,9914613157040288.0,3.685957841756892e+17
134.25117240428295,1.1278184547220268e+16,4.091363561597161e+17,4151048174097930.0,6879527482428907.0,78390855069709.88,278840891438948.8,1.0123038103489444e+16,3.7634732610597126e+17
137.03619585236862,1.1283435425108142e+16,4.172716526080114e+17,4152980812174224.0,6882730442517017.0,80036224651279.95,284695218633493.75,1.0335587573887126e+16,3.842521869110397e+17
139.876919769416,1.1288637457039082e+16,4.2556752602818714e+17,4154895472005549.5,6885903607251204.0,81714127721789.6,290665371755424.8,1.0552342405991624e+16,3.923133675864209e+17
142.77445816480432,1.1293793141189284e+16,4.3402712526164717e+17,4156793073070555.5,6889048500482759.0,83425200874601.94,296753620012234.0,1.0773384993091014e+16,4.005339267329272e+17
145.7299473281004,1.129890494603893e+16,4.426536593860681e+17,4158674523918017.5,6892166627948897.0,85170092908659.72,302962276232553.06,1.0998799312516312e+16,4.0891698160650426e+17
148.7445462746624,1.130397531165177e+16,4.51450398814895e+17,4160540722637746.0,6895259478053157.0,86949465050475.4,309293697664138.3,1.1228670954626468e+16,4.174657091852114e+17
151.81943720015568,1.130900665093572e+16,4.604206764146219e+17,4162392557324607.0,6898328522634523.0,88763991179718.28,315750286784992.75,1.1463087152270598e+16,4.261833472534922e+17
154.9558259441588,1.1314001350885962e+16,4.695678886400198e+17,4164230906535960.0,6901375217725410.0,90614358058438.06,322334492127755.75,1.1702136810732918e+16,4.350731955039536e+17
158.15494246304198,1.1318961773810314e+16,4.788954966875075e+17,4166056639742823.0,6904401004299473.0,92501265563966.22,329048809117545.6,1.1945910538166022e+16,4.441386166568077e+17
161.41804131230282,1.1323890258538568e+16,4.884070276668682e+17,4167870617774793.5,6907407309008947.0,94425426925528.47,335895780923356.4,1.2194500676517422e+16,4.5338303759717914e+17
164.7464021385489,1.1328789121615382e+16,4.981060757914773e+17,4169673693259278.5,6910395544912595.0,96387568964609.14,342877999323196.44,1.244800133295534e+16,4.628099505304468e+17
168.14133018131986,1.1333660658478634e+16,5.079963035872418e+17,4171466711055084.0,6913367112194235.0,98388432339100.94,349998105583080.7,1.2706508411798028e+16,4.7242291415579405e+17
171.60415678494627,1.1338507144622502e+16,5.180814431204079e+17,4173250508680563.0,6916323398872375.0,100428771791277.0,357258791350042.44,1.2970119646952924e+16,4.822255548581379e+17
175.1362399206452,1.1343330836747414e+16,5.283652972444298e+17,4175025916736807.0,6919265781501546.0,102509356399620.58,364662799559282.7,1.3238934634869634e+16,4.9222156791861594e+17
178.73896471905812,1.1348133973895882e+16,5.388517408660701e+17,4176793759325776.0,6922195625865283.0,104630969834542.78,372212925355614.0,1.351305486801264e+16,5.024147187437812e+17
182.41374401343927,1.1352918778576428e+16,5.4954472223087334e+17,4178554854463893.5,6925114287661551.0,106794410618027.69,379912017029316.6,1.3792583768857974e+16,5.1280884411366605e+17
186.16201889370805,1.1357687457875062e+16,5.6044826422820026e+17,4180310014491172.0,6928023113180786.0,109000492387230.28,387762976966549.44,1.4077626724419012e+16,5.234078534488787e+17
189.9852592715822,1.1362442204555262e+16,5.7156646571596845e+17,4182060046476120.5,6930923439976963.0,111250044162062.86,395768762614433.44,1.4368291121305996e+16,5.3421573009687744e+17
193.88496445701387,1.136718519814752e+16,5.829035028652445e+17,4183805752616676.0,6933816597532087.0,113543910616795.48,403932387460946.25,1.4664686381323688e+16,5.4523653263754726e+17
197.86266374615414,1.1371918606028414e+16,5.944636305248317e+17,4185547930637379.0,6936703907914352.0,115882952355703.03,412256922029729.3,1.4966923997611758e+16,5.564743962082544e+17
201.91991702107723,1.1376644584489766e+16,6.062511836059922e+17,4187287374182970.5,6939586686430541.0,118268046192783.83,420745494889948.44,1.5275117571332002e+16,5.679335338484748e+17
206.05831536149879,1.1381365279799236e+16,6.182705784874348e+17,4189024873208685.5,6942466242272786.0,120700085435573.98,429401293681287.44,1.5589382848906622e+16,5.796182378641321e+17
210.27948166872878,1.138608282925213e+16,6.305263144406893e+17,4190761214367384.5,6945343879160200.0,123179980173085.2,438227566154217.7,1.590983775981133e+16,5.915328812117702e+17
214.58507130210336,1.1390799362215334e+16,6.430229750759613e+17,4192497181393757.0,6948220895975605.0,125708657567885.6,447227621225620.06,1.6236602454927238e+16,6.036819189026543e+17
218.97677272814542,1.1395517001163776e+16,6.557652298086185e+17,4194233555485872.5,6951098587397913.0,128287062152343.98,456404830049862.6,1.656979934545483e+16,6.160698894269144e+17
223.45630818270834,1.1400237862710126e+16,6.687578353463484e+17,4195971115684178.0,6953978244530137.0,130916156129058.94,465762627105430.7,1.6909553142393504e+16,6.287014161977946e+17
228.02543434636252,1.1404964058628378e+16,6.820056371971098e+17,4197710639248123.0,6956861155523699.0,133596919675488.05,475304511297185.4,1.725599089658971e+16,6.415812090161471e+17
232.68594303328976,1.1409697696871576e+16,6.955135711979512e+17,4199452902030839.5,6959748606199263.0,136330351252789.69,485034047074335.25,1.7609242039356712e+16,6.547140655551663e+17
237.43966189395556,1.141444088258412e+16,7.092866650647217e+17,4201198678851754.5,6962641880664403.0,139117467918894.2,494954865564187.75,1.7969438423668112e+16,6.681048728654725e+17
242.28845513183467,1.1419195719110046e+16,7.233300399628054e+17,4202948743867574.0,6965542261928282.0,141959305645810.72,505070665721735.44,1.833671436592829e+16,6.817586089006038e+17
247.23422423447136,1.1423964308996434e+16,7.376489120988142e+17,4204703870941731.5,6968451032514108.0,144856919641179.62,515385215495161.94,1.87112066883207e+16,6.95680344062905e+17
252.2789087191608,1.1428748754993808e+16,7.522485943333633e+17,4206464834012555.5,6971369475069097.0,147811384674073.0,525902353007266.94,1.9093054761736852e+16,7.098752427698693e+17
257.42448689354404,1.1433551161053386e+16,7.67134497814884e+17,4208232407460225.0,6974298872972821.0,150823795405048.94,536625987752888.6,1.9482400549287044e+16,7.243485650409545e+17
262.67297663141494,1.1438373633321458e+16,7.823121336344942e+17,4210007366472909.5,6977240510943856.0,153895266720453.1,547560101812338.7,1.987938865039248e+16,7.391056681048305e+17
268.0264361640432,1.1443218281132086e+16,7.97787114501886e+17,4211790487412029.0,6980195675645264.0,157026934070968.94,558708751080855.8,2.0284166345462828e+16,7.541520080270802e+17
273.48696488732406,1.1448087217998302e+16,8.135651564422547e+17,4213582548177109.5,6983165656289204.0,160219953814407.44,570076066514103.2,2.0696883641155428e+16,7.694931413583057e+17
279.05670418507054,1.145298256260206e+16,8.296520805141207e+17,4215384328570202.5,6986151745240791.0,163475503562723.25,581666255389686.6,2.1117693316219652e+16,7.851347268025358e+17
284.73783826877195,1.1457906439784168e+16,8.460538145480915e+17,4217196610660109.0,6989155238621908.0,166794782533244.56,593483602584703.9,2.15467509679231e+16,8.01082526905984e+17
290.5325950341474,1.1462860981533696e+16,8.627763949063839e+17,4219020179146709.0,6992177436914852.0,170179011904102.03,605532471869265.8,2.1984215059060668e+16,8.173424097659547e+17
296.44324693483037,1.1467848327978734e+16,8.798259682630415e+17,4220855821725420.0,6995219645566458.0,173629435173824.5,617817307215985.5,2.2430246965543996e+16,8.339203507598376e+17
302.47211187352696,1.1472870628377268e+16,8.972087934047053e+17,4222704329452094.0,6998283175592791.0,177147318525086.9,630342634125314.8,2.2885011024569816e+16,8.50822434294064e+17
308.6215541109975,1.1477930042110572e+16,9.149312430518149e+17,4224566497108543.5,7001369344184886.0,180733951192570.88,643113060966758.4,2.33486745833638e+16,8.680548555728861e+17
314.8939851932175,1.1483028739678118e+16,9.32999805700004e+17,4226443123568685.0,7004479475315717.0,184390645834904.12,656133280335780.2,2.38214080484987e+16,8.85623922386771e+17
321.29186489708184,1.1488168903695294e+16,9.514210874815857e+17,4228335012165917.0,7007614900348832.0,188118738910641.88,669408070426360.9,2.4303384935781296e+16,9.035360569202572e+17
327.81770219502346,1.1493352729894424e+16,9.702018140468051e+17,4230242971061368.0,7010776958648808.0,191919591058239.56,682942296419077.8,2.479478192070474e+16,9.217977975790194e+17
334.47405623892394,1.1498582428129052e+16,9.893488324646893e+17,4232167813613647.5,7013966998194017.0,195794587479967.62,696740911884545.1,2.5295778889461908e+16,9.404158008359246e+17
341.2635373637024,1.150386022338273e+16,1.0088691131431634e+18,4234110358750163.5,7017186376191939.0,199745138329714.25,710808960202110.4,2.580655899051336e+16,9.593968430957919e+17
348.1888081109765,1.150918835678243e+16,1.0287697517681734e+18,4236071431339970.5,7020436459697201.0,203772679104607.03,725151575993576.8,2.632730868670416e+16,9.787478225785523e+17
355.252584273196,1.151456908661695e+16,1.0490579712614396e+18,4238051862568794.5,7023718626232959.0,207878671040395.84,739773986571811.8,2.6858217807922388e+16,9.984757612204842e+17
362.4576359586599,1.1520004689361356e+16,1.0697411237564845e+18,4240052490315967.0,7027034264415690.0,212064601510507.25,754681513403970.0,2.73994796042923e+16,1.0185878065931871e+18
369.80678867783314,1.152549746070734e+16,1.0908266925925692e+18,4242074159533671.5,7030384774583726.0,216331984428703.6,769879573589154.5,2.795129079989234e+16,1.0390912338398349e+18
377.3029244513898,1.153104971660069e+16,1.112322294326031e+18,4244117722628827.0,7033771569430058.0,220682360655248.5,785373681350214.0,2.851385164698978e+16,1.0599934476283757e+18
384.9489829404176,1.1536663794285758e+16,1.1342356807586285e+18,4246184039847498.5,7037196074639548.0,225117298406480.97,801169449539389.0,2.908736598078121e+16,1.0813019841211295e+18
392.74796259922596,1.154234205335791e+16,1.1565747409823363e+18,4248273979662251.0,7040659729530730.0,229638393667710.84,817272591157545.2,2.9672041274627904e+16,1.1030245129603299e+18
400.7029218512105,1.1548086876824218e+16,1.1793475034400463e+18,4250388419162594.0,7044163987703093.0,234247270609297.0,833688920886583.1,3.0268088695773604e+16,1.1251688392690897e+18
408.8169802882347,1.1553900672173388e+16,1.2025621380016284e+18,4252528244448703.5,7047710317689372.0,238945582005818.4,850424356634746.1,3.0875723161532556e+16,1.147742905667148e+18
417.09331989399936,1.15597858724546e+16,1.2262269580546486e+18,4254694351028583.5,7051300203613941.0,243735009658185.22,867484921094348.5,3.1495163395931936e+16,1.1707547943008678e+18
425.53518629187937,1.15657449373668e+16,1.2503504226091172e+18,4256887644218913.0,7054935145857072.0,248617264818566.44,884876743311564.6,3.2126631986795284e+16,1.1942127288867487e+18
434.14589001771697,1.1571780354358342e+16,1.274941138415572e+18,4259109039549826.0,7058616661725759.0,253594088617986.62,902606060267808.9,3.277035544324955e+16,1.218125076767804e+18
442.92880781807133,1.1577894639737704e+16,1.300007862095653e+18,4261359463173717.0,7062346286131246.0,258667252496428.16,920679218472194.2,3.342656425363818e+16,1.2425003509820045e+18
451.8873839744328,1.1584090339795924e+16,1.3255595022843942e+18,4263639852278357.5,7066125572273696.0,263838558635281.0,939102675564590.0,3.4095492943821708e+16,1.2673472123420275e+18
461.02513165392145,1.1590370031941206e+16,1.3516051217833838e+18,4265951155504511.5,7069956092334271.0,269109840391957.56,957883001928696.1,3.477738013584606e+16,1.2926744715254377e+18
470.3456342869999,1.159673632584647e+16,1.3781539397238085e+18,4268294333368264.5,7073839438175146.0,274482962736493.2,977026882314534.6,3.5472468606956884e+16,1.3184910911744102e+18
479.8525469727399,1.160319186461007e+16,1.4052153337384635e+18,4270670358688276.0,7077777222047427.0,279959822689916.6,996541117469784.8,3.618100534893679e+16,1.3448061880040223e+18
489.5495979121947,1.160973932593054e+16,1.4327988421416515e+18,4273080217018180.5,7081771077307999.0,285542349764206.75,1016432625779209.2,3.690324162774203e+16,1.371629034918108e+18
499.4405898704386,1.1616381423296104e+16,1.4609141661158725e+18,4275524907084301.0,7085822659144671.0,291232506403584.94,1036708444911520.0,3.763943304341306e+16,1.398969063131619e+18
509.52940166784737,1.1623120907189044e+16,1.489571171904191e+18,4278005441229024.0,7089933645311259.0,297032288426928.06,1057375733472929.4,3.838983959022993e+16,1.426835864298332e+18
519.8199897012043,1.1629960566305844e+16,1.5187798930069752e+18,4280522845859862.0,7094105736871626.0,302943725471045.1,1078441772666541.9,3.915472571708701e+16,1.4552391926427113e+18
530.3163894952285,1.163690322879397e+16,1.5485505323818066e+18,4283078161904645.0,7098340658954132.0,308968881434556.9,1099913967956817.2,3.993436038805316e+16,1.4841889670947123e+18
541.022717285133,1.1643951763505428e+16,1.5788934646451384e+18,4285672445272918.5,7102640161516289.0,315109854922104.94,1121799850738132.9,4.072901714308713e+16,1.5136952734260966e+18
551.9431716308356,1.1651109081267996e+16,1.6098192382742682e+18,4288306767323784.5,7107006020120244.0,321368779688603.94,1144107080006573.2,4.153897415887365e+16,1.543768366386986e+18
563.0820350634524,1.1658378136174652e+16,1.6413385778081805e+18,4290982215340591.5,7111440036719184.0,327747825083216.9,1166843444033926.8,4.236451430974459e+16,1.574418671841086e+18
574.4436757647214,1.1665761926891914e+16,1.673462386045603e+18,4293699893012404.0,7115944040455620.0,334249196492755.1,1190016862042803.8,4.320592522864675e+16,1.6056567888980657e+18
586.0325492800159,1.1673263497987986e+16,1.7062017462386673e+18,4296460920922830.5,7120519888471290.0,340875135784150.56,1213635385881913.5,4.4063499368117224e+16,1.6374934920415007e+18
597.8532002656162,1.168088594128067e+16,1.7395679242803635e+18,4299266437046188.5,7125169466729547.0,347627921745652.44,1237707201700151.5,4.493753406122453e+16,1.6699397332506353e+18
609.9102642709286,1.1688632397206572e+16,1.7735723708840788e+18,4302117597251434.5,7129894690850455.0,354509870526381.44,1262240631618435.5,4.5828331582430504e+16,1.7030066441142008e+18
622.2084695563472,1.169650605621167e+16,1.8082267237531791e+18,4305015575813949.0,7134697506959091.0,361523336073846.25,1287244135397954.0,4.673619920832881e+16,1.7367055379343954e+18
634.7526389474741,1.1704510160164208e+16,1.8435428097386465e+18,4307961565935613.5,7139579892547332.0,368670710569031.7,1312726312103512.0,4.766144927820932e+16,1.771047911819115e+18
647.5476917264236,1.1712648003790638e+16,1.8795326469827965e+18,4310956780273261.5,7144543857349697.0,375954424858613.8,1338695901760531.0,4.8604399254399496e+16,1.806045448760364e+18
660.5986455609521,1.172092293613503e+16,1.916208447046703e+18,4314002451475918.0,7149591444233805.0,383376948883877.3,1365161787004282.0,4.956537178232865e+16,1.8417100196966395e+18
673.9106184721712,1.1729338362043206e+16,1.9535826170191616e+18,4317099832730939.5,7154724730105349.0,390940792105862.94,1392132994719794.8,5.054469475025925e+16,1.8780536855571965e+18
687.4888308416147,1.173789774367168e+16,1.9916677616047493e+18,4320250198319496.5,7159945826828807.0,398648503926255.7,1419618697670847.8,5.154270134862841e+16,1.9150886992857032e+18
701.338607458447,1.1746604602022736e+16,2.03047668518847e+18,4323454844181519.0,7165256882163641.0,406502674103530.7,1447628216116308.5,5.255973012893619e+16,1.952827507840945e+18
715.4653796076159,1.1755462518506134e+16,2.0700223938744184e+18,4326715088490490.0,7170660080716978.0,414505933163800.75,1476171019412128.8,5.359612506211969e+16,1.991282754172008e+18
729.8746871997682,1.1764475136528058e+16,2.110318097495689e+18,4330032272238294.5,7176157644912850.0,422660952805834.7,1505256727597149.2,5.465223559634515e+16,2.0304672791652667e+18
744.5721809437637,1.1773646163108304e+16,2.1513772115927741e+18,4333407759830475.5,7181751835978681.0,430970446299689.44,1534895112960753.0,5.572841671414787e+16,2.0703941235604483e+18
759.563624562639,1.1782979370526734e+16,2.19321335935738e+18,4336842939692151.0,7187444954949491.0,439437168878313.7,1565096101590423.8,5.6825028988849816e+16,2.1110765298328947e+18
774.8548970538918,1.1792478597999138e+16,2.235840373538742e+18,4340339224884893.0,7193239343690289.0,448063918121566.06,1595869774897123.8,5.794243864017777e+16,2.1525279440389704e+18
790.4519949949697,1.180214775338391e+16,2.2792722983091187e+18,4343898053734859.0,7199137385937005.0,456853534331953.1,1627226371116240.5,5.908101758900362e+16,2.1947620176216148e+18
806.3610348948691,1.1811990814920182e+16,2.323523391085243e+18,4347520890472533.0,7205141508356805.0,465808900901441.94,1659176286782008.0,6.024114351112564e+16,2.2377926091726764e+18
822.5882555927666,1.1822011832998024e+16,2.368608124302146e+18,4351209225884285.0,7211254181627839.0,474932944668663.7,1691730078172890.5,6.142319989000594e+16,2.2816337861487872e+18
839.140020704622,1.1832214931962176e+16,2.4145411871360307e+18,4354964577976216.0,7217477921539488.0,484228636265747.1,1724898462725560.5,6.262757606837322e+16,2.326299826537191e+18
856.0228211187144,1.1842604311949306e+16,2.461337487172145e+18,4358788492650392.0,7223815290113091.0,493698990454092.25,1758692320414982.0,6.385466729860315e+16,2.37180522046796e+18
873.2432775410888,1.1853184250760394e+16,2.509012152014058e+18,4362682544394056.0,7230268896744126.0,503347066448246.8,1793122695097823.8,6.510487479177565e+16,2.4181646717688335e+18
890.8081430919106,1.186395910576907e+16,2.557580530830281e+18,4366648336981879.0,7236841399366128.0,513175968227135.06,1828200795816643.0,6.6378605765313464e+16,2.465393099458802e+18
908.7243059537487,1.187493331586614e+16,2.607058195834e+18,4370687504191799.0,7243535505636875.0,523188844831772.44,1863937998061822.8,6.767627348909881e+16,2.5135056391763113e+18
926.9987920728238,1.188611140344215e+16,2.657460943691808e+18,4374801710534623.0,7250353974147820.0,533388890648612.06,1900345844988471.5,6.89982973299589e+16,2.5625176445380874e+18
945.6387679142803,1.189749797640817e+16,2.7088047968568064e+18,4378992651997848.5,7257299615656658.0,543779345677650.56,1937436048585107.5,7.034510279441218e+16,2.6124446884240696e+18
964.6515432725658,1.190909773025622e+16,2.7611060048216847e+18,4383262056804047.0,7264375294344116.0,554363495784339.1,1975220490791086.2,7.1717121569559496e+16,2.663302564184143e+18
984.0445741380172,1.192091545016007e+16,2.8143810452868685e+18,4387611686183990.0,7271583929095462.0,565144672934379.5,2013711224559353.8,7.311479156200101e+16,2.7151072867619333e+18
1003.8254656207775,1.1932956013117268e+16,2.868646625238964e+18,4392043335165143.0,7278928494807118.0,576126255410397.1,2052920474861305.8,7.453855693465646e+16,2.7678750937309486e+18
1024.0019749331932,1.1945224390133668e+16,2.9239196819343913e+18,4396558833375637.0,7286412023719207.0,587311668009489.1,2092860639630101.2,7.598886814136358e+16,2.8216224462381604e+18
1044.582014431857,1.1957725648451264e+16,2.9802173837829443e+18,4401160045864296.5,7294037606774406.0,598704382220595.0,2133544290638891.8,7.7466181959118e+16,2.8763660298498637e+18
1065.5736547204942,1.1970464953820342e+16,3.0375571311260196e+18,4405848873936896.5,7301808395004010.0,610307916380616.5,2174984174310216.0,7.89709615178258e+16,2.932122755294739e+18
1086.9851278149042,1.198344757281695e+16,3.095956556903845e+18,4410627256009116.0,7309727600941563.0,622125835808167.4,2217193212452694.5,8.050367632742333e+16,2.9889097590983844e+18
1108.8248303712023,1.199667887520671e+16,3.1554335272060457e+18,4415497168476600.5,7317798500064661.0,634161752913805.1,2260184502921009.0,8.20648023022213e+16,3.0467444041042483e+18
1131.1013269786263,1.201016433635615e+16,3.2160061416996997e+18,4420460626602443.5,7326024432265900.0,646419327285581.5,2303971320195125.0,8.365482178232493e+16,3.105644279874668e+18
1153.823353518199,1.2023909539692172e+16,3.277692733928761e+18,4425519685422458.5,7334408803353149.0,658902265748673.8,2348567115874462.0,8.527422355197618e+16,3.165627202966699e+18
1176.999820588563,1.2037920179211296e+16,3.340511871478716e+18,4430676440668693.5,7342955086580036.0,671614322397890.1,2393985519082681.5,8.692350285465846e+16,3.2267112170761114e+18
1200.6398170003342,1.2052202062039392e+16,3.404482355999973e+18,4435933029711523.0,7351666824207375.0,684559298601724.0,2440240336778661.0,8.860316140480269e+16,3.288914593043842e+18
1224.752613340341,1.206676111104235e+16,3.4696232230836465e+18,4441291632520704.5,7360547629095821.0,697741042976683.1,2487345553968865.5,9.031370739592493e+16,3.352255828718124e+18
1249.3476656071477,1.2081603367490568e+16,3.5359537419826406e+18,4446754472645836.0,7369601186330843.0,711163451330516.8,2535315333816587.0,9.205565550502706e+16,3.416753648666003e+18
1274.4346189192906,1.2096734993775804e+16,3.6034934151715323e+18,4452323818216508.5,7378831254880298.0,724830466573004.5,2584164017643090.5,9.382952689307738e+16,3.4824270037273544e+18
1300.0233112976764,1.21121622761839e+16,3.6722619777379133e+18,4458001982962707.5,7388241669285415.0,738746078592835.4,2633906124815559.5,9.56358492013982e+16,3.5492950704046725e+18
1326.12377752363,1.212789162772242e+16,3.742279396598093e+18,4463791327255660.0,7397836341385986.0,752914324099185.6,2684556352516923.0,9.747515654376283e+16,3.6173772500813507e+18
1352.7462530741027,1.2143929591005842e+16,3.8135658695297464e+18,4469694259169671.5,7407619262079947.0,767339286426482.2,2736129575392131.0,9.934798949402176e+16,3.686693168061652e+18
1379.9011781355848,1.2160282841198334e+16,3.886141824013766e+18,4475713235565283.5,7417594503118611.0,782025095300883.1,2788640845065528.5,1.012548950690549e+17,3.7572626724244675e+18
1407.5992016982966,1.217695818901552e+16,3.960027915878018e+18,4481850763194095.0,7427766218937695.0,796975926566859.6,2842105389523937.5,1.0319642670685315e+17,3.829105832683931e+18
1435.8511857322626,1.2193962583786476e+16,4.0352450277346084e+18,4488109399825801.5,7438138648525057.0,812196001872428.4,2896538612359600.0,1.0517314423952181e+17,3.90224293824871e+18
1464.668209446908,1.2211303116576736e+16,4.1118142672030756e+18,4494491755397556.0,7448716117325670.0,827689588311299.1,2951956091867419.0,1.07185613860999e+17,3.976694496672599e+18
1494.0615736358461,1.2228987023373324e+16,4.189756964911042e+18,4501000493186325.0,7459503039184421.0,843460998020418.8,3008373579990452.0,1.0923440808927384e+17,4.052481231688012e+18
1524.042805108563,1.2247021688333042e+16,4.2690946722641526e+18,4507638331004430.0,7470503918327594.0,859514587731213.0,3065807001107878.0,1.113201057228836e+17,4.129624081014767e+18
1554.6236612107343,1.2265414647094728e+16,4.3498491589768376e+18,4514408042418681.0,7481723351383295.0,875854758272817.0,3124272450658969.5,1.1344329179147461e+17,4.208144193935541e+18
1585.816134434949,1.2284173590156896e+16,4.432042410355274e+18,4521312457993511.0,7493166029441681.0,892485954025670.1,3183786193597297.5,1.1560455750019133e+17,4.2880629286298716e+18
1617.632457123648,1.2303306366321096e+16,4.5156966243239066e+18,4528354466558372.0,7504836740155448.0,909412662323659.6,3244364662668426.5,1.1780450016767091e+17,4.369401849258213e+18
1650.085106266121,1.2322820986202548e+16,4.6008342081866926e+18,4535537016499824.0,7516740369881164.0,926639412803127.8,3306024456504955.5,1.2004372315740429e+17,4.4521827227874e+18
1683.1868083914435,1.2342725625808484e+16,4.68747777511419e+18,4542863117078631.0,7528881905862100.0,944170776696956.6,3368782337532217.0,1.2232283580222782e+17,4.536427515548991e+18
1716.9505445592724,1.236302863018529e+16,4.775650140347483e+18,4550335839772062.0,7541266438452913.0,962011366071942.2,3432655229678094.5,1.2464245332170626e+17,4.622158389521611e+18
1751.389555450458,1.2383738517135232e+16,4.865374317109859e+18,4557958319641928.0,7553899163386718.0,980165833007672.1,3497660215880243.5,1.2700319673215885e+17,4.709397698328649e+18
1786.5173465594671,1.240486398100349e+16,4.956673512217213e+18,4565733756728398.0,7566785384085251.0,998638868715110.5,3563814535383921.5,1.2940569274908643e+17,4.798167982942217e+18
1822.3476934906564,1.2426413896536172e+16,5.04957112137784e+18,4573665417469991.0,7579930514012094.0,1017435202593054.2,3631135580823634.5,1.3185057368174654e+17,4.888491967084665e+18
1858.8946473604697,1.2448397322810246e+16,5.144090724172456e+18,4581756636150079.0,7593340079069860.0,1036559601220660.5,3699640895081659.0,1.3433847731962878e+17,4.980392552318498e+18
1896.1725403076791,1.2470823507235574e+16,5.240256078705461e+18,4590010816369773.0,7607019720041543.0,1056016867284222.9,3769348167916524.0,1.3687004681057274e+17,5.073892812816031e+18
1934.1959911138329,1.2493701889629976e+16,5.338091115917746e+18,4598431432547865.0,7620975195076024.0,1075811838436381.2,3840275232354501.5,1.3944593053027866e+17,5.169015989799429e+18
1972.9799109361095,1.2517042106367648e+16,5.437619933552365e+18,4607022031447644.0,7635212382218636.0,1095949386085955.4,3912440060837013.5,1.4206678194295298e+17,5.265785485642461e+18
2012.5395091548316,1.2540853994600906e+16,5.538866789763501e+18,4615786233730828.0,7649737281986491.0,1116434414116608.5,3985860761117060.5,1.4473325945283155e+17,5.364224857625105e+18
2052.8902993379284,1.2565147596556444e+16,5.641856096359939e+18,4624727735538795.0,7664556019988932.0,1137271857532545.8,4060555571897615.5,1.4744602624632928e+17,5.464357811332086e+18
2094.048105324687,1.2589933163905552e+16,5.746612411673949e+18,4633850310101014.0,7679674849593336.0,1158466681029541.8,4136542858204977.5,1.5020575012455466e+17,5.566208193686564e+18
2136.029067431181,1.2615221162208192e+16,5.853160433046678e+18,4643157809370900.0,7695100154636131.0,1180023877489453.2,4213841106490165.0,1.5301310332594256e+17,5.669799985610547e+18
2178.8496487798047,1.2641022275431914e+16,5.961524988921326e+18,4652654165688891.0,7710838452178997.0,1201948466396672.8,4292468919451439.5,1.558687623387436e+17,5.775157294303445e+18
2222.5266417554008,1.2667347410544374e+16,6.071731030535753e+18,4662343393472851.0,7726896395310384.0,1224245492174724.2,4372445010571156.0,1.5877340770313382e+17,5.882304345130537e+18
2267.077174590509,1.269420770217961e+16,6.18380362320593e+18,4672229590935503.0,7743280775991869.0,1246920022441460.5,4453788198360214.0,1.617277238026821e+17,5.991265473113318e+18
2312.518718082319,1.27216145173776e+16,6.297767937192401e+18,4682316941828894.0,7759998527949210.0,1269977146181261.8,4536517400303396.0,1.6473239864494637e+17,6.102065114013809e+18
2358.8690924439657,1.2749579460396428e+16,6.413649238141814e+18,4692609717215587.0,7777056729607586.0,1293421971832805.2,4620651626499351.0,1.677881236309583e+17,6.214727795005298e+18
2406.146474292845,1.2778114377596274e+16,6.531472877096026e+18,4703112277266114.0,7794462607070899.0,1317259625290832.0,4706209972988604.0,1.7089559331335376e+17,6.329278124922463e+18
2454.3694037787022,1.280723136239393e+16,6.651264280061956e+18,4713829073082797.0,7812223537143947.0,1341495247820736.0,4793211614763747.0,1.740555051429441e+17,6.44574078408381e+18
2503.5567918542765,1.2836942760287296e+16,6.773048937135075e+18,4724764648548796.0,7830347050397174.0,1366133993884506.0,4881675798455626.0,1.7726855920349222e+17,6.564140513680001e+18
2553.7279276913623,1.2867261173947608e+16,6.896852391170598e+18,4735923642202516.0,7848840834272954.0,1391181028877023.2,4971621834690266.0,1.8053545793449658e+17,6.684502104722101e+18
2604.9024862451897,1.2898199468378404e+16,7.022700225996582e+18,4747310789136370.0,7867712736232417.0,1416641526771486.8,5063069090110630.0,1.8385690584178016e+17,6.806850386544175e+18
2657.1005359700935,1.2929770776138732e+16,7.150618054163694e+18,4758930922919245.0,7886970766941661.0,1442520667673116.8,5156036979058588.0,1.8723360919569498e+17,6.931210214855273e+18
2710.3425466894955,1.296198850262897e+16,7.280631504227075e+18,4770788977541984.0,7906623103495842.0,1468823635280214.2,5250544954912146.0,1.906662757167769e+17,7.057606459336435e+18
2764.6493976232855,1.2994866331436194e+16,7.412766207556334e+18,4782889989384790.0,7926678092679872.0,1495555614251923.5,5346612501073586.0,1.941556142486744e+17,7.186063990778827e+18
2820.0423855757513,1.3028418229736574e+16,7.54704778467064e+18,4795239099205620.0,7947144254263750.0,1522721787482147.5,5444259121604679.0,1.9770233441821834e+17,7.316607667760143e+18
2876.5432332872665,1.306265845375151e+16,7.683501831096352e+18,4807841554148492.0,7968030284330822.0,1550327333279173.2,5543504331505493.0,2.0130714628249555e+17,7.449262322856847e+18
2934.174097953012,1.3097601554254158e+16,7.822153902745619e+18,4820702709770055.0,7989345058636602.0,1578377422450812.8,5644367646633684.0,2.0497075996281968e+17,7.584052748391052e+18
2992.957579912072,1.3133262382122334e+16,7.963029500815303e+18,4833828032083419.0,8011097635995844.0,1606877215295040.8,5746868573262126.0,2.0869388526549987e+17,7.72100368171105e+18
3052.9167315103136,1.3169656093932904e+16,8.106154056206681e+18,4847223099617373.0,8033297261695344.0,1635831858496237.5,5851026597272664.0,2.1247723128934544e+17,7.860139790006294e+18
3114.07506614052,1.3206798157594176e+16,8.251552913467001e+18,4860893605489260.0,8055953370929295.0,1665246481927464.2,5956861172985322.0,2.1632150601985213e+17,8.001485654658222e+18
3176.4565674633304,1.3244704358009676e+16,8.399251314255771e+18,4874845359489673.0,8079075592254320.0,1695126195359337.5,6064391711621919.0,2.2022741591005376e+17,8.145065755128989e+18
3240.085698812597,1.3283390802768562e+16,8.549274380339089e+18,4889084290176848.0,8102673751060385.0,1725476085076339.8,6173637569404702.0,2.2419566544803187e+17,8.290904452392557e+18
3304.987412788849,1.3322873927855436e+16,8.701647096117286e+18,4903616446978286.0,8126757873053868.0,1756301210401690.2,6284618035291001.0,2.282269567111355e+17,8.439025971912559e+18
3371.187161044626,1.3363170503374174e+16,8.856394290692182e+18,4918448002297283.0,8151338187748833.0,1787606600132175.2,6397352318345634.0,2.3232198890695123e+17,8.589454386173327e+18
3438.7109042655184,1.3404297639276588e+16,9.013540619481582e+18,4933585253621672.0,8176425131961514.0,1819397248884510.5,6511859534753979.0,2.3648145790114282e+17,8.742213596771946e+18
3507.585122350829,1.3446272791089162e+16,9.173110545390566e+18,4949034625631385.0,8202029353303594.0,1851678113355342.0,6628158694479584.0,2.4070605573227213e+17,8.897327316080437e+18
3577.8368247978456,1.3489113765628834e+16,9.335128319550343e+18,4964802672302347.0,8228161713668621.0,1884454108497052.5,6746268687570874.0,2.4499647011378864e+17,9.054819048488892e+18
3649.4935612938025,1.3532838726697844e+16,9.499617961637554e+18,4980896079002434.0,8254833292705922.0,1917730103612137.0,6866208270123157.0,2.4935338392337834e+17,9.214712071242032e+18
3722.5834325196784,1.3577466200748368e+16,9.66660323978818e+18,4997321664576436.0,8282055391275750.0,1951510918369039.2,6987996049902773.0,2.5377747467994067e+17,9.377029414883383e+18
3797.135101170072,1.3623015082505144e+16,9.836107650122795e+18,5014086383415566.0,8309839534879245.0,1985801318742923.0,7111650471641700.0,2.582694140084714e+17,9.541793843323144e+18
3873.1778031934737,1.3669504640535108e+16,1.000815439590124e+19,5031197327507262.0,8338197477055558.0,2020606012885103.5,7237189802012355.0,2.6282986709320832e+17,9.709027833548024e+18
3950.741359257343,1.37169545227504e+16,1.0182766366327265e+19,5048661728460831.0,8367141202738913.0,2055929646925303.2,7364632114293437.0,2.6745949211941955e+17,9.87875355499271e+18
4029.85618644249,1.3765384761832406e+16,1.0359966115025971e+19,5066486959503676.0,8396682931566844.0,2091776800711452.8,7493995272739059.0,2.7215893970428624e+17,1.0050992848595337e+19
4110.55331017134,1.381481578056127e+16,1.0539775838218471e+19,5084680537442939.0,8426835121131471.0,2128151983492009.2,7625296916665414.0,2.7692885231737184e+17,1.0225767205561817e+19
4192.864376374767,1.386526839703601e+16,1.072221735262173e+19,5103250124586763.0,8457610470163368.0,2165059629546411.2,7758554444270161.0,2.8176986369124138e+17,1.040309774586489e+19
4276.821663902262,1.39167638297683e+16,1.0907312073102821e+19,5122203530619200.0,8489021921638926.0,2202504093769641.5,7893784996201578.0,2.866825982228324e+17,1.0583005196507984e+19
4362.458097180307,1.396932370263263e+16,1.1095080990120145e+19,5141548714422055.0,8521082665799764.0,2240489647217518.2,8031005438896787.0,2.916676703662731e+17,1.0765509869584902e+19
4449.807259123913,1.4022970049653794e+16,1.1285544646986725e+19,5161293785837048.0,8553806143073038.0,2279020472619673.5,8170232347709124.0,2.9672568401787475e+17,1.0950631640169972e+19
4538.903404306392,1.407772531961183e+16,1.147872311699296e+19,5181447007360683.0,8587206046880452.0,2318100659867914.0,8311481989847521.0,3.0185723189412064e+17,1.1138389924075299e+19
4629.78147239252,1.41336123804433e+16,1.1674635980430012e+19,5202016795764198.0,8621296326322828.0,2357734201488055.0,8454770307152383.0,3.070628949035301e+17,1.13288036555153e+19
4722.477101840371,1.4190654523416372e+16,1.1873302301556474e+19,5223011723630183.0,8656091188727032.0,2397924988103988.0,8600112898734083.0,3.1234324151334957e+17,1.1521891264720503e+19
4817.026643877179,1.4248875467055786e+16,1.2074740605555927e+19,5244440520797307.0,8691605102040008.0,2438676803903299.5,8747525003502958.0,3.176988271121037e+17,1.1717670655546518e+19
4913.4671767547225,1.4308299360792992e+16,1.2278968855533892e+19,5266312075703690.0,8727852797055287.0,2479993322114307.5,8897021482621467.0,3.231301933691194e+17,1.1916159183126483e+19
5011.836520289817,1.4368950788314248e+16,1.2486004429607584e+19,5288635436619267.0,8764849269455414.0,2521878100505047.0,9048616801911062.0,3.286378675921972e+17,1.211737363161858e+19
5112.173250695613,1.443085477057946e+16,1.269586409814431e+19,5311419812756861.0,8802609781653261.0,2564334576915437.0,9202325014249552.0,3.342223620847372e+17,1.2321330192103422e+19
5214.516715709526,1.4494036768481448e+16,1.2908564001207327e+19,5334674575250991.0,8841149864414277.0,2607366064834226.0,9358159741995656.0,3.3988417350362016e+17,1.2528044440688732e+19
5318.907050023717,1.4558522685115568e+16,1.3124119626272145e+19,5358409257993202.0,8880485318240728.0,2650975749033268.0,9516134159481552.0,3.45623782219351e+17,1.2737531316882938e+19
5425.385191024191,1.4624338867626498e+16,1.3342545786278806e+19,5382633558311773.0,8920632214498394.0,2695166681272112.0,9676260975614900.0,3.514416516799451e+17,1.294980510230153e+19
5533.992894844675,1.4691512108598288e+16,1.3563856598089255e+19,5407357337483395.0,8961606896264357.0,2739941776086558.0,9838552416635642.0,3.5733822778021696e+17,1.3164879399773977e+19
5644.772752741568,1.4760069646952082e+16,1.3788065461422885e+19,5432590621063560.0,9003425978874658.0,2785303806675606.5,1.0003020209074618e+16,3.633139382381692e+17,1.3382767112922075e+19
5757.7682077964,1.4830039168314478e+16,1.4015185038345245e+19,5458343599022117.0,9046106350149028.0,2831255400901635.0,1.0169675562964098e+16,3.693691919802841e+17,1.3603480426283594e+19
5873.023571952328,1.4901448804817316e+16,1.4245227233390135e+19,5484626625669612.0,9089665170268682.0,2877799037419570.5,1.0338529155352068e+16,3.7550437853764134e+17,1.382703078605897e+19
5990.5840433913745,1.497432713428873e+16,1.4478203174397194e+19,5511450219359495.0,9134119871282836.0,2924937041951069.0,1.0509591114175868e+16,3.81719867454838e+17,1.405342888156131e+19
6110.495724259202,1.5048703178793378e+16,1.471412319415077e+19,5538825061950942.0,9179488156218386.0,2972671583720725.5,1.068287100255244e+16,3.880160077137974e+17,1.4282684627453737e+19
6232.805638744386,1.5124606402478576e+16,1.4952996812909058e+19,5566761998016008.0,9225787997766030.0,3021004672071652.0,1.0858377803544802e+16,3.943931271746791e+17,1.4514807146860497e+19
6357.5617515192735,1.5202066708680928e+16,1.5194832721916043e+19,5595272033774729.0,9273037636515396.0,3069938153278422.0,1.1036119905468252e+16,4.0085153203613466e+17,1.4749804755442186e+19
6484.812986549659,1.5281114436247656e+16,1.5439638767990764e+19,5624366335741137.0,9321255578711032.0,3119473707575886.5,1.1216105087800628e+16,4.07391506317292e+17,1.4987684946527422e+19
6614.609246280653,1.5361780355024128e+16,1.5687421939292131e+19,5654056229062401.0,9370460593499914.0,3169612846423063.5,1.1398340507764448e+16,4.140133113639316e+17,1.5228454377396437e+19
6747.001431206266,1.5444095660458756e+16,1.593818835235952e+19,5684353195533168.0,9420671709640510.0,3220356910021372.0,1.1582832687650988e+16,4.2071718538139494e+17,1.547211885681481e+19
6882.041459830391,1.5528091967275734e+16,1.619194324053269e+19,5715268871266627.0,9471908211643166.0,3271707065107482.5,1.1769587502958452e+16,4.2750334299686246e+17,1.5718683333917583e+19
7019.782289026999,1.5613801302162726e+16,1.6448690943855575e+19,5746815044003218.0,9524189635309948.0,3323664303040889.0,1.1958610171418424e+16,4.3437197485370835e+17,1.5968151888545948e+19
7160.277934807539,1.5701256095423176e+16,1.6708434900571757e+19,5779003650038260.0,9577535762642338.0,3376229438207053.5,1.2149905242987318e+16,4.413232472407346e+17,1.6220527723141708e+19
7303.58349350369,1.5790489171538926e+16,1.6971177640319965e+19,5811846770748249.0,9631966616084846.0,3429403106756989.0,1.2343476590881506e+16,4.483573017591333e+17,1.6475813156304833e+19
7449.755163373764,1.5881533738590462e+16,1.7236920779140446e+19,5845356628697031.0,9687502452071438.0,3483185765704533.5,1.2539327403735816e+16,4.554742550301228e+17,1.6734009618121548e+19
7598.85026664124,1.5974423376481094e+16,1.750566501640285e+19,5879545583301473.0,9744163753842376.0,3537577692402541.5,1.2737460178967552e+16,4.62674198446233e+17,1.699511764737162e+19
7750.927271974065,1.6069192023910814e+16,1.7777410133767676e+19,5914426126037202.0,9801971223498604.0,3592578984419540.0,1.2937876717429162e+16,4.6995719796929946e+17,1.7259136890723092e+19
7906.0458174135465,1.6165873964047242e+16,1.8052154996293755e+19,5950010875164497.0,9860945773261142.0,3648189559837919.0,1.3140578119433838e+16,4.7732329397823386e+17,1.7526066104023792e+19
8064.266733761818,1.6264503808840126e+16,1.8329897555802356e+19,5986312569955225.0,9921108515903276.0,3704409157995138.5,1.334556478223932e+16,4.847725011697007e+17,1.7795903155797709e+19
8225.652068437053,1.6365116481927952e+16,1.8610634856609944e+19,6023344064401355.0,9982480754323694.0,3761237340688714.5,1.3552836399075416e+16,4.9230480851485203e+17,1.8068645033054646e+19
8390.265109805794,1.6467747200086006e+16,1.8894363043738096e+19,6061118320386794.0,1.00450839702302e+16,3818673493865861.0,1.3762391959801968e+16,4.999201792752647e+17,1.8344287849518481e+19
8558.17041200191,1.6572431453167646e+16,1.9181077373708825e+19,6099648400304527.0,1.0108939811904236e+16,3876716829817740.0,1.397422975328249e+16,5.076185510812444e+17,1.8622826856379097e+19
8729.433820241948,1.6679204982491648e+16,1.9470772228029137e+19,6138947459101879.0,1.017407008101733e+16,3935366389898106.5,1.4188347371559408e+16,5.153998360756372e+17,1.8904256455669363e+19
8904.122496646787,1.678810375763298e+16,1.9763441129467306e+19,6179028735738204.0,1.0240496718474032e+16,3994621047785159.0,1.4404741715915638e+16,5.232639211262661e+17,1.91885702163655e+19
9082.304946579723,1.6899163951576654e+16,2.005907676121778e+19,6219905544039802.0,1.0308241789255838e+16,4054479513304716.5,1.4623409004905472e+16,5.312106681100581e+17,1.9475760893304693e+19
9264.051045511318,1.7012421914197976e+16,2.035767098904748e+19,6261591262939386.0,1.037732746624501e+16,4114940336831685.0,1.484434478443694e+16,5.392399142718741e+17,1.976582044901085e+19
9449.432066421545,1.7127914144039094e+16,2.06592148865097e+19,6304099326087850.0,1.0447776013008148e+16,4176001914285727.0,1.5067543939984106e+16,5.4735147266096486e+17,2.005874007851137e+19
9638.520707749976,1.7245677258354558e+16,2.0963698763308446e+19,6347443210829412.0,1.0519609765524836e+16,4237662492735742.5,1.5293000711006372e+16,5.555451326478781e+17,2.0354510237222113e+19
9831.391121904975,1.7365747961406816e+16,2.1271112196883046e+19,6391636426532499.0,1.0592851112848352e+16,4299920176626251.5,1.552070870764774e+16,5.638206605245235e+17,2.0653120671973413e+19
10028.118944343074,1.7488163010998972e+16,2.1581444067281117e+19,6436692502271574.0,1.066752247669086e+16,4362772934637078.0,1.57506609297844e+16,5.7217780018996294e+17,2.095456045523668e+19
10228.781323229936,1.7612959183238584e+16,2.1894682595373425e+19,6482624973858369.0,1.0743646289930286e+16,4426218607185986.5,1.5982849788485922e+16,5.806162739243159e+17,2.125881802260643e+19
10433.456949694535,1.7740173235537498e+16,2.221081538445781e+19,6529447370223407.0,1.0821244974040358e+16,4490254914581911.0,1.621726712994816e+16,5.891357832529706e+17,2.156588121358049e+19
10642.226088688425,1.7869841867859582e+16,2.2529829465285087e+19,6577173199152951.0,1.090034091545261e+16,4554879465834116.0,1.6453904261951426e+16,5.977360099031172e+17,2.187573731567171e+19
10855.170610462194,1.8002001682240434e+16,2.28517113445311e+19,6625815932389865.0,1.0980956440864024e+16,4620089768120418.0,1.6692751982890258e+16,6.064166168543332e+17,2.2188373111870243e+19
11072.374022671438,1.813668914061425e+16,2.317644705672196e+19,6675388990111197.0,1.1063113791511792e+16,4685883236915002.0,1.6933800613412986e+16,6.151772494846812e+17,2.250377493146466e+19
11293.921503124868,1.8273940520994164e+16,2.3504022219609915e+19,6725905724800188.0,1.114683509644427e+16,4752257206773347.0,1.7177040030702446e+16,6.240175368135319e+17,2.2821928704216654e+19
11519.899933187366,1.8413791872068384e+16,2.3834422092977738e+19,6777379404534634.0,1.1232142344825222e+16,4819208942769658.0,1.7422459705418704e+16,6.329370928419208e+17,2.314282001786621e+19
11750.397931851114,1.855627896628502e+16,2.416763164083646e+19,6829823195719580.0,1.1319057357316252e+16,4886735652577775.0,1.7670048741316242e+16,6.419355179909814e+17,2.3466434178932273e+19
11985.505890488137,1.8701437251518188e+16,2.4503635596963295e+19,6883250145297275.0,1.1407601756593846e+16,4954834499184913.0,1.7919795917536372e+16,6.510124006385297e+17,2.379275627675466e+19
12225.3160082979,1.8849301801419348e+16,2.4842418533708505e+19,6937673162473751.0,1.1497796937064534e+16,5023502614222744.0,1.8171689733564684e+16,6.60167318753517e+17,2.4121771250706256e+19
12469.922328463857,1.8999907264579456e+16,2.5183964933980254e+19,6993105000007246.0,1.1589664033854476e+16,5092737111897637.0,1.842571845683178e+16,6.69399841627585e+17,2.445346396048553e+19
12719.420775033135,1.915328781264164e+16,2.55282592662997e+19,7049558235110701.0,1.1683223891159096e+16,5162535103497800.0,1.868187017292129e+16,6.787095317025594e+17,2.4787819259381744e+19
12973.909190533797,1.93094770875253e+16,2.5875286062794777e+19,7107045250026995.0,1.1778497030050604e+16,5232893712451441.0,1.894013283833701e+16,6.880959464920956e+17,2.512482207038432e+19
13233.487374344473,1.946850814794032e+16,2.622502999998219e+19,7165578212342948.0,1.1875503615852138e+16,5303810089906110.0,1.920049433576548e+16,6.975586405952858e+17,2.5464457464985113e+19
13498.257121831362,1.96304134153895e+16,2.657747598216577e+19,7225169055115034.0,1.1974263425200642e+16,5375281430795165.0,1.9462942531755564e+16,7.070971677994222e+17,2.5806710744508084e+19
13768.32226426799,1.9795224619879344e+16,2.6932609227255525e+19,7285829456887755.0,1.2074795812930806e+16,5447304990353760.0,1.9727465336721256e+16,7.167110832685454e+17,2.615156752377023e+19
14043.78870955335,1.9962972745577576e+16,2.729041535479282e+19,7347570821692199.0,1.2177119678927236e+16,5519878101042112.0,1.9994050767157836e+16,7.26399945813795e+17,2.649901381686455e+19
14324.764483744417,2.013368797667695e+16,2.7650880475940356e+19,7410404259120803.0,1.2281253435102048e+16,5592998189830160.0,2.0262687009942796e+16,7.361633202410258e+17,2.6849036124828647e+19
14611.359773419306,2.030739964374486e+16,2.801399128517837e+19,7474340564580764.0,1.2387214972669108e+16,5666662795793282.0,2.0533362488579052e+16,7.460007797704297e+17,2.7201621524942557e+19
14903.686968887692,2.0484136170858796e+16,2.8379735153421636e+19,7539390199836671.0,1.2495021629897268e+16,5740869587965326.0,2.0806065931217772e+16,7.559119085223283e+17,2.7556757761379525e+19
15201.860708265447,2.0663925023844776e+16,2.8748100222253613e+19,7605563273959266.0,1.2604690160536794e+16,5815616383390582.0,2.1080786440281428e+16,7.658963040626226e+17,2.7914433336908993e+19
15505.997922430757,2.0846792659956664e+16,2.9119075498951856e+19,7672869524804253.0,1.2716236703124396e+16,5890901165313103.0,2.1357513563489784e+16,7.759535800007345e+17,2.827463760533444e+19
15816.217880879372,2.1032764479347892e+16,2.9492650951957684e+19,7741318301151172.0,1.2829676751381818e+16,5966722101438208.0,2.16362373660742e+16,7.860833686321993e+17,2.8637360864326062e+19
16132.64223849696,2.1221864778705932e+16,2.986881760642558e+19,7810918545637923.0,1.294502512593341e+16,6043077562197223.0,2.1916948503947276e+16,7.962853236174436e+17,2.9002594448291627e+19
16455.3950832669,2.1414116707429304e+16,3.0247567639469306e+19,7881678778631433.0,1.3062295947574918e+16,6119966138943775.0,2.219963829757772e+16,8.065591226876457e+17,2.9370330820911493e+19
16784.602984932237,2.1609542226741028e+16,3.0628894474704736e+19,7953607083178905.0,1.318150261233335e+16,6197386662007270.0,2.2484298806305236e+16,8.169044703679145e+17,2.9740563666946273e+19
17120.39504463088,2.180816207213973e+16,3.101279287567614e+19,8026711091187499.0,1.3302657768562458e+16,6275338218526317.0,2.277092290281135e+16,8.27321100707476e+17,3.0113287982915437e+19
17462.9029455235,2.2009995719593396e+16,3.1399259037740163e+19,8100997970981661.0,1.3425773296321772e+16,6353820169983083.0,2.3059504347449336e+16,8.378087800059706e+17,3.048850016622987e+19
17812.26100443397,2.2215061355885388e+16,3.1788290677969973e+19,8176474416388835.0,1.3550860289287844e+16,6432832169358308.0,2.3350037862122484e+16,8.483673095244343e+17,3.0866198102352466e+19
18168.60622452265,2.242337585351917e+16,3.2179887122637873e+19,8253146637502592.0,1.367792903944671e+16,6512374177824632.0,2.3642519203384704e+16,8.589965281690781e+17,3.1246381249557135e+19
18532.078349013103,2.2634954750581476e+16,3.257404939182734e+19,8331020353271325.0,1.3806989024810658e+16,6592446480896715.0,2.393694523442992e+16,8.696963151355359e+17,3.162905072084778e+19
18902.819915993365,2.2849812235955816e+16,3.297078028072431e+19,8410100786055829.0,1.3938048900398516e+16,6673049703955064.0,2.423331399562415e+16,8.804665925009294e+17,3.2014209362601366e+19
19280.976314313233,2.3067961140260036e+16,3.3370084437141676e+19,8490392658293734.0,1.4071116492708004e+16,6754184827062381.0,2.4531624773229064e+16,8.91307327750774e+17,3.2401861829499273e+19
19666.6958405995,2.328941293286536e+16,3.377196843483268e+19,8571900191402505.0,1.4206198797897268e+16,6835853198991742.0,2.4831878165958876e+16,9.022185362275587e+17,3.2792014655317975e+19
20060.12975741149,2.3514177725326616e+16,3.41764408421615e+19,8654627107041733.0,1.4343301983876914e+16,6918056550387947.0,2.513407614901103e+16,9.132002834877514e+17,3.3184676319158055e+19
20461.43235255972,2.374226428152345e+16,3.4583512285709492e+19,8738576630845921.0,1.4482431396496726e+16,7000797005986119.0,2.5438222135210092e+16,9.242526875538724e+17,3.3579857306705506e+19
20870.760999610917,2.397368003477911e+16,3.4993195508413276e+19,8823751498725106.0,1.4623591569987044e+16,7084077095814719.0,2.5744321032905548e+16,9.353759210484628e+17,3.397757016613259e+19
21288.276219603136,2.4208431112178376e+16,3.5405505421853184e+19,8910153965815287.0,1.4766786241792866e+16,7167899765314123.0,2.605237930027405e+16,9.465702131969042e+17,3.4377829558270915e+19
21714.1417439952,2.444652236626398e+16,3.582045915233201e+19,8997785818144714.0,1.4912018371907908e+16,7252268384306996.0,2.636240499567941e+16,9.578358516863361e+17,3.478065230070941e+19
22148.5245788751,2.4687957414237084e+16,3.623807608041742e+19,9086648387061902.0,1.5059290166786342e+16,7337186754761148.0,2.667440782376023e+16,9.691731843684047e+17,3.5186057405502394e+19
22591.595070452604,2.4932738684732056e+16,3.6658377873649213e+19,9176742566451720.0,1.520860310787495e+16,7422659117292941.0,2.6988399176928532e+16,9.805826207940837e+17,3.5594066110201885e+19
23043.52697186166,2.5180867472176864e+16,3.708138851215485e+19,9268068832742928.0,1.53599579847714e+16,7508690156364877.0,2.730439217198009e+16,9.920646335694499e+17,3.6004701901967376e+19
23504.49751129889,2.543234399868184e+16,3.750713430695246e+19,9360627267687324.0,1.5513354932976306e+16,7595285004138896.0,2.7622401681542548e+16,1.0036197595222228e+18,3.641799053454521e+19
23974.687461524867,2.5687167483338176e+16,3.793564391076696e+19,9454417583865554.0,1.566879347616363e+16,7682449242955037.0,2.79424443601092e+16,1.0152486006696339e+18,3.683396003795084e+19
24454.281210755365,2.59453362187313e+16,3.8366948321231176e+19,9549439152848620.0,1.5826272572852856e+16,7770188906412986.0,2.8264538664437856e+16,1.0269518249793769e+18,3.725264072073655e+19
24943.466834970473,2.6206847654405756e+16,3.880108087639543e+19,9645691035917994.0,1.5985790667321288e+16,7858510479043563.0,2.858870486812485e+16,1.0387301669165317e+18,3.767406516477403e+19
25442.436171669884,2.647169848694473e+16,3.923807724251592e+19,9743172017220194.0,1.6147345744551146e+16,7947420894566023.0,2.891496507019935e+16,1.0505844277706182e+18,3.8098268212531814e+19
25951.38489510328,2.6739884756252388e+16,3.967797539415603e+19,9841880639204610.0,1.6310935388960324e+16,8036927532737024.0,2.924334319762246e+16,1.0625154757583242e+18,3.8525286946882994e+19
26470.512593005347,2.7011401947558624e+16,4.012081558667892e+19,9941815240167124.0,1.6476556846623538e+16,8127038214806680.0,2.95738650016141e+16,1.07452424589902e+18,3.895516066352891e+19
27000.022844865456,2.7286245098592484e+16,4.056664032127442e+19,1.0042973993696652e+16,1.6644207090646908e+16,8217761197607139.0,2.990655804777495e+16,1.0866117396616387e+18,3.938793083618452e+19
27540.123301762767,2.7564408911307988e+16,4.101549430272055e+19,1.0145354949796614e+16,1.6813882889318336e+16,8309105166309168.0,3.0241451700015068e+16,1.09877902438326e+18,3.982364107472053e+19
28091.025767798023,2.7845887867479292e+16,4.1467424390124675e+19,1.0248956077431114e+16,1.6985580876619362e+16,8401079225891700.0,3.057857709834586e+16,1.1110272324613353e+18,4.026233707651755e+19
28652.946283153982,2.8130676347431624e+16,4.19224795409627e+19,1.0353775308224876e+16,1.715929762464889e+16,8493692891379738.0,3.091796713064116e+16,1.1233575603233391e+18,4.070406657133701e+19
29226.10520881706,2.841876875111882e+16,4.238071074877212e+19,1.045981058102717e+16,1.7335029717478618e+16,8586956076914144.0,3.1259656398518996e+16,1.1357712671792795e+18,4.114887926006792e+19
29810.727312993404,2.8710159620720292e+16,4.284217097491501e+19,1.0567059887034682e+16,1.7512773825935514e+16,8680879083726851.0,3.160368117754302e+16,1.1482696735643708e+18,4.159682674775571e+19
30407.041859253273,2.9004843763895452e+16,4.330691507487186e+19,1.0675521315156748e+16,1.7692526782784884e+16,8775472587102675.0,3.1950079371991508e+16,1.160854159680835e+18,4.204796247137016e+19
31015.28269643834,2.930281637680963e+16,4.377499971957318e+19,1.0785193097295872e+16,1.7874285657774488e+16,8870747622416797.0,3.229889046448412e+16,1.173526163549504e+18,4.2502341622804865e+19
31635.688350367105,2.9604073166031784e+16,4.424648331231339e+19,1.0896073653213908e+16,1.8058047831990108e+16,8966715570343874.0,3.2650155460803716e+16,1.1862871789835412e+18,4.296002106764746e+19
32268.502117374446,2.9908610468402516e+16,4.47214259018298e+19,1.1008161634650112e+16,1.8243811070973264e+16,9063388141340888.0,3.300391683028911e+16,1.19913875339815e+18,4.342105926028598e+19
32913.97215972193,3.021642536797798e+16,4.5199889092156645e+19,1.112145596836402e+16,1.8431573596055308e+16,9160777359510770.0,3.336021844221374e+16,1.212082485471485e+18,4.388551615595101e+19
33572.35160291637,3.0527515809175784e+16,4.5681935949889315e+19,1.1235955897779528e+16,1.86213341533745e+16,9258895545958096.0,3.3719105498601116e+16,1.2251200226733714e+18,4.435345312031114e+19
34243.8986349747,3.0841880705279828e+16,4.616763090951014e+19,1.1351661022921346e+16,1.88130920800625e+16,9357755301751304.0,3.4080624463956124e+16,1.2382530586795292e+18,4.482493283725665e+19
34928.876607674196,3.1159520041503332e+16,4.66570396774401e+19,1.1468571338348398e+16,1.9006847367111284e+16,9457369490607472.0,3.4444822992418292e+16,1.2514833306899584e+18,4.530001921552014e+19
35627.554139827684,3.1480434971863044e+16,4.715022913548318e+19,1.1586687268809126e+16,1.9202600718464452e+16,9557751221416710.0,3.4811749852864532e+16,1.2648126166709294e+18,4.577877729477877e+19
36340.20522262424,3.1804627909178852e+16,4.76472672443264e+19,1.1706009702367066e+16,1.9400353605916308e+16,9658913830723042.0,3.5181454852502988e+16,1.2782427325406702e+18,4.626127315188499e+19
37067.10932707672,3.213210260758845e+16,4.814822294775253e+19,1.1826540020770872e+16,1.9600108319444264e+16,9760870865276544.0,3.5553988759509244e+16,1.2917755293190477e+18,4.674757380786092e+19
37808.55151361826,3.2462864237045176e+16,4.865316607820136e+19,1.1948280126874208e+16,1.9801868012651076e+16,9863636064769212.0,3.5929403225261444e+16,1.3054128902619348e+18,4.723774713627279e+19
38564.82254389062,3.279691944935511e+16,4.916216726429526e+19,1.2071232468941178e+16,2.0005636743047144e+16,9967223344863250.0,3.630775070672637e+16,1.3191567280005947e+18,4.773186177358175e+19
39336.21899476844,3.3134276435404796e+16,4.967529784091508e+19,1.2195400061709728e+16,2.021141950695806e+16,1.0071646780615408e+16,3.6689084389541864e+16,1.333008981706381e+18,4.8229987032034525e+19
40123.04337466381,3.3474944973327e+16,5.01926297623735e+19,1.2320786504119408e+16,2.04192222689051e+16,1.0176920590395222e+16,3.70734581123258e+16,1.3469716143003297e+18,4.873219281562419e+19
40925.60424215708,3.381893646745314e+16,5.071423551919873e+19,1.2447395993648306e+16,2.0629051985365804e+16,1.0283059120388244e+16,3.746092629272136e+16,1.3610466097265759e+18,4.9238549539612525e+19
41744.21632700023,3.416626397800299e+16,5.124018805898778e+19,1.2575233337240476e+16,2.0840916622884156e+16,1.039007682976788e+16,3.785154385566366e+16,1.3752359703075986e+18,4.974912805405669e+19
42579.20065354023,3.4516942241562544e+16,5.177056071174621e+19,1.2704303958843174e+16,2.1054825170561744e+16,1.0497988276611018e+16,3.8245366164320296e+16,1.3895417141980654e+18,5.026399957173631e+19
43430.88466661104,3.487098768250063e+16,5.230542712007145e+19,1.2834613903608944e+16,2.127078764702195e+16,1.060680810462385e+16,3.864244895412561e+16,1.4039658729528422e+18,5.078323560082676e+19
44299.60235994326,3.5228418415570696e+16,5.2844861174485656e+19,1.2966169838852822e+16,2.148881510199686e+16,1.0716551030735012e+16,3.904284827028379e+16,1.4185104892231442e+18,5.130690788260507e+19
45185.694407142124,3.5589254240030736e+16,5.338893695416461e+19,1.3098979051888656e+16,2.1708919612740444e+16,1.0827231833603586e+16,3.944662040907809e+16,1.4331776145933268e+18,5.183508833442388e+19
46089.50829528497,3.59535166257033e+16,5.393772867324747e+19,1.3233049444898018e+16,2.1931114275525788e+16,1.0938865343079136e+16,3.985382186327346e+16,1.4479693075689884e+18,5.236784899812592e+19
47011.39846119067,3.632122869146725e+16,5.4491310632859525e+19,1.3368389527013924e+16,2.2155413192524984e+16,1.1051466430642218e+16,4.0264509271851944e+16,1.462887631725302e+18,5.290526199402073e+19
47951.726430414485,3.6692415176743176e+16,5.504975717891423e+19,1.3505008403825832e+16,2.2381831454415976e+16,1.1165050000842696e+16,4.067873937427092e+16,1.4779346540226335e+18,5.344739948048163e+19
48910.86095902277,3.7067102406589896e+16,5.56131426657098e+19,1.3642915764533102e+16,2.261038511909204e+16,1.1279630983744108e+16,4.109656896938317e+16,1.4931124432945969e+18,5.399433361917189e+19
49889.17817820323,3.744531825107529e+16,5.618154142527671e+19,1.3782121866990926e+16,2.2841091186878264e+16,1.1395224328373912e+16,4.1518054879106264e+16,1.508423068911856e+18,5.454613654585246e+19
50887.06174176729,3.7827092079620376e+16,5.675502774238437e+19,1.3922637520906264e+16,2.307396757268276e+16,1.1511844997168206e+16,4.194325391687993e+16,1.5238685996230487e+18,5.510288034667409e+19
51904.902976602636,3.8212454711040296e+16,5.73336758350619e+19,1.406447406944998e+16,2.3309033075521972e+16,1.1629507961394578e+16,4.237222286089999e+16,1.5394511025724652e+18,5.566463703981112e+19
52943.10103613469,3.860143836001742e+16,5.791755984044913e+19,1.4207643369555692e+16,2.3546307345870028e+16,1.1748228197525948e+16,4.280501843207204e+16,1.5551726424923786e+18,5.623147856225175e+19
54002.06305685739,3.8994076580744904e+16,5.8506753805748896e+19,1.4352157771177178e+16,2.3785810851283024e+16,1.1868020684532884e+16,4.324169727658602e+16,1.5710352810662408e+18,5.68034767615181e+19
55082.20431799454,3.939040420847044e+16,5.91013316840205e+19,1.4498030095773116e+16,2.402756484074041e+16,1.1988900402055824e+16,4.36823159529673e+16,1.5870410764575619e+18,5.738070339206293e+19
56183.94840435443,3.9790457299651064e+16,5.97013673345251e+19,1.4645273614280466e+16,2.4271591308141548e+16,1.2110882329412396e+16,4.4126930923430056e+16,1.6031920829978348e+18,5.7963230116052296e+19
57307.72737244152,4.019427307140273e+16,6.030693452730274e+19,1.4793902024828e+16,2.4517912955369984e+16,1.223398144539108e+16,4.457559854932096e+16,1.6194903510256865e+18,5.855112850823067e+19
58453.98191989035,4.060188984089158e+16,6.09181069516524e+19,1.4943929430429068e+16,2.476655315532362e+16,1.2358212728778756e+16,4.502837509041702e+16,1.6359379268684872e+18,5.914447006453801e+19
59623.16155828816,4.101334696527348e+16,6.153495822816362e+19,1.5095370316875486e+16,2.501753591527834e+16,1.248359115956679e+16,4.548531670781536e+16,1.6525368529566182e+18,5.974332621414218e+19
60815.72478945392,4.1428684782735704e+16,6.215756192394463e+19,1.5248239531037552e+16,2.527088584092509e+16,1.2610131720778006e+16,4.5946479470138e+16,1.6692891680600983e+18,6.034776833453893e+19
62032.139285243,4.184794455514508e+16,6.278599157068893e+19,1.5402552259754834e+16,2.5526628101385256e+16,1.273784940085734e+16,4.641191936275646e+16,1.6861969076366525e+18,6.095786776937244e+19
63272.88207094786,4.2271168412745944e+16,6.342032068522233e+19,1.5558324009481944e+16,2.578478839547765e+16,1.2866759196565928e+16,4.688169229973817e+16,1.7032621042800307e+18,6.157369584862829e+19
64538.43971236682,4.2698399301293864e+16,6.406062279217794e+19,1.571557058683048e+16,2.6045392919471064e+16,1.299687611632193e+16,4.7355854138207496e+16,1.720486788257258e+18,6.219532391085844e+19
65829.30850661415,4.312968093194942e+16,6.470697144846097e+19,1.5874308080127104e+16,2.630846833652005e+16,1.3128215183930108e+16,4.7834460694817976e+16,1.7378729881234312e+18,6.282282332711015e+19
67145.99467674643,4.356505773419743e+16,6.535944026917414e+19,1.6034552842084788e+16,2.657404174794648e+16,1.3260791442645364e+16,4.831756776403551e+16,1.7554227314029742e+18,6.345626552624021e+19
68489.01457028136,4.400457481199347e+16,6.601810295469302e+19,1.61963214736621e+16,2.68421406664893e+16,1.3394619959516892e+16,4.880523113794239e+16,1.7731380453265175e+18,6.409572202131683e+19
69858.89486168699,4.444827790328673e+16,6.668303331860167e+19,1.6359630809165444e+16,2.711279299161464e+16,1.3529715829962918e+16,4.929750662728069e+16,1.7910209576129341e+18,6.474126443682751e+19
71256.17275892073,4.4896213343011224e+16,6.735430531621909e+19,1.6524497902627286e+16,2.738602698694045e+16,1.3666094182529332e+16,4.979445008347231e+16,1.8090734972868275e+18,6.539296453643368e+19
72681.39621409915,4.5348428029586184e+16,6.803199307346777e+19,1.669094001547659e+16,2.7661871259802756e+16,1.3803770183788098e+16,5.02961174213674e+16,1.8272976955221501e+18,6.6050894251035525e+19
74135.12413838113,4.580496939492373e+16,6.871617091586521e+19,1.6858974605499562e+16,2.794035474296025e+16,1.3942759043336368e+16,5.080256464249445e+16,1.8456955865036027e+18,6.671512570693244e+19
75617.92662114876,4.626588537789472e+16,6.940691339743817e+19,1.7028619317073808e+16,2.8221506678409468e+16,1.4083076018860406e+16,5.131384785860313e+16,1.8642692082980357e+18,6.738573125388945e+19
77130.38515357173,4.673122440117483e+16,7.010429532938633e+19,1.7199891972645978e+16,2.850535660326061e+16,1.422473642123236e+16,5.183002331531919e+16,1.8830206037291395e+18,6.8062783492943585e+19
78673.09285664317,4.7201035351354104e+16,7.080839180834745e+19,1.737281056541113e+16,2.879193433760524e+16,1.4367755619613366e+16,5.235114741574684e+16,1.9019518212492716e+18,6.87463553038085e+19
80246.65471377604,4.7675367562176296e+16,7.151927824413855e+19,1.7547393253143572e+16,2.908126997429205e+16,1.451214904653878e+16,5.287727674388145e+16,1.9210649158034373e+18,6.9436519871755076e+19
81851.68780805156,4.815427080074678e+16,7.223703038686888e+19,1.772365835312098e+16,2.9373393870514544e+16,1.4657932202967036e+16,5.340846808771884e+16,1.9403619496810435e+18,7.013335071387273e+19
83488.82156421259,4.863779525654142e+16,7.296172435334494e+19,1.7901624338078376e+16,2.9668336641105596e+16,1.4805120663277182e+16,5.394477846196843e+16,1.9598449933521303e+18,7.083692170463174e+19
85158.69799549684,4.912599153303064e+16,7.369343665270404e+19,1.8081309833125884e+16,2.9966129153429284e+16,1.495373008020371e+16,5.448626513030084e+16,1.9795161262853832e+18,7.154730710068854e+19
86861.97195540679,4.961891064173842e+16,7.443224421123511e+19,1.8262733613561644e+16,3.026680252375645e+16,1.5103776189702128e+16,5.503298562708341e+16,1.9993774377462095e+18,7.226458156489314e+19
88599.31139451492,5.011660399854688e+16,7.517822439635632e+19,1.8445914603511988e+16,3.0570388115010336e+16,1.525527481574142e+16,5.558499777857401e+16,2.0194310275738253e+18,7.298882018947108e+19
90371.39762240522,5.061912342206793e+16,7.59314550397402e+19,1.863087187533181e+16,3.087691753577388e+16,1.540824187502396e+16,5.614235972356847e+16,2.0396790069369953e+18,7.372009851837143e+19
92178.92557485332,5.112652113390704e+16,7.669201445958472e+19,1.8817624649702036e+16,3.118642264045008e+16,1.5562693381636288e+16,5.670512993350907e+16,2.0601234990688056e+18,7.445849256877656e+19
94022.60408635039,5.163884976065697e+16,7.745998148203985e+19,1.90061922963629e+16,3.1498935530478396e+16,1.5718645451637908e+16,5.727336723208352e+16,2.0807666399813975e+18,7.52040788517873e+19
95903.1561680774,5.215616233747158e+16,7.823543546181373e+19,1.919659433542988e+16,3.1814488556514544e+16,1.5876114307597922e+16,5.784713081435532e+16,2.1016105791621453e+18,7.595693439230034e+19
97821.31929143895,5.2678512313085304e+16,7.901845630198106e+19,1.9388850439240836e+16,3.2133114321492628e+16,1.603511628309269e+16,5.842648026548545e+16,2.1226574802533883e+18,7.671713674810522e+19
99777.84567726773,5.320595355616165e+16,7.980912447302951e+19,1.958298043469275e+16,3.2454845684497116e+16,1.6195667827180312e+16,5.9011475579112904e+16,2.1439095217180887e+18,7.748476402822955e+19
101773.50259081309,5.373854036287106e+16,8.060752103118299e+19,1.9779004306030584e+16,3.277971576538531e+16,1.6357785508870754e+16,5.960217717547884e+16,2.1653688974944663e+18,7.825989491056976e+19
103809.07264262935,5.427632746561769e+16,8.141372763603868e+19,1.9976942198059584e+16,3.3107757950110824e+16,1.6521486021612042e+16,6.0198645919386616e+16,2.187037817642799e+18,7.90426086588411e+19
105885.35409548195,5.481937004285448e+16,8.222782656756354e+19,2.017681441975799e+16,3.3439005896710476e+16,1.668678618781704e+16,6.080094313810053e+16,2.208918508988093e+18,7.983298513889011e+19
108003.1611773916,5.536772372994645e+16,8.304990074249121e+19,2.037864144827445e+16,3.3773493541930336e+16,1.685370296345593e+16,6.140913063929665e+16,2.2310132157625124e+18,8.063110483440594e+19
110163.32440093943,5.592144463105569e+16,8.388003373016202e+19,2.0582443933303544e+16,3.4111255108475788e+16,1.7022253442743036e+16,6.2023270729184856e+16,2.2533242002518193e+18,8.143704886206541e+19
112366.69088895821,5.648058933204782e+16,8.471830976784898e+19,2.0788242701835316e+16,3.445232511288402e+16,1.7192454862947458e+16,6.2643426230929416e+16,2.275853743450255e+18,8.22508989861582e+19
114614.12470673738,5.704521491443069e+16,8.556481377560753e+19,2.0996058763285868e+16,3.479673837402626e+16,1.736432460936015e+16,6.3269660503500376e+16,2.2986041457284603e+18,8.307273763271447e+19
116906.50720087213,5.761537897035484e+16,8.641963137068571e+19,2.120591331501866e+16,3.514453002225826e+16,1.7537880220450552e+16,6.39020374610976e+16,2.321577727519311e+18,8.390264790317741e+19
119244.73734488958,5.819113961872254e+16,8.728284888153075e+19,2.1417827748272868e+16,3.549573550924565e+16,1.771313939324861e+16,6.454062159328633e+16,2.3447768300266127e+18,8.47407135876413e+19
121629.73209178737,5.877255552245979e+16,8.81545533614172e+19,2.163182365452123e+16,3.58503906185003e+16,1.7890119988987622e+16,6.5185477985993736e+16,2.36820381596159e+18,8.558701917768529e+19
124062.42673362313,5.93596859070239e+16,8.903483260172796e+19,2.1847922832281744e+16,3.620853147666915e+16,1.8068840039046356e+16,6.583667234351491e+16,2.39186107031249e+18,8.644164987881696e+19
126543.77526829559,5.995259058022604e+16,8.992377514490131e+19,2.2066147294413372e+16,3.657019456562579e+16,1.824931775122794e+16,6.649427101167591e+16,2.415751001152233e+18,8.730469162254595e+19
129074.75077366151,6.055132995345544e+16,9.082147029706326e+19,2.228651927592748e+16,3.6935416735416216e+16,1.84315715164137e+16,6.715834100230694e+16,2.4398760404892595e+18,8.81762310780906e+19
131656.34578913474,6.115596506439752e+16,9.172800814035326e+19,2.250906124235065e+16,3.730423521811731e+16,1.8615619915630596e+16,6.782895001917083e+16,2.4642386451667323e+18,8.905635566372689e+19
134289.57270491743,6.1766557601345256e+16,9.26434795449401e+19,2.273379589867125e+16,3.7676687642665704e+16,1.8801481727569492e+16,6.850616648549278e+16,2.4888412978147676e+18,8.994515355776955e+19
136975.46415901577,6.238316992919816e+16,9.356797618072682e+19,2.296074619890955e+16,3.8052812050716296e+16,1.898917593659011e+16,6.919005957322888e+16,2.513686507860429e+18,9.08427137091776e+19
139715.0734421961,6.300586511724376e+16,9.4501590528723e+19,2.318993535634263e+16,3.843264691358889e+16,1.9178721741248196e+16,6.98806992342053e+16,2.538776812600019e+18,9.174912584776049e+19
142509.47491104002,6.363470696881252e+16,9.544441589206324e+19,2.3421386854419136e+16,3.881623115035716e+16,1.9370138563375264e+16,7.0578156233248824e+16,2.5641147783373133e+18,9.2664480493956e+19
145359.76440926082,6.426976005288769e+16,9.639654640662941e+19,2.3655124458393652e+16,3.920360414712916e+16,1.9563446057740812e+16,7.128250218341569e+16,2.589703001591685e+18,9.358886896813806e+19
148267.05969744603,6.491108973773797e+16,9.735807705122824e+19,2.3891172227705344e+16,3.959480577756318e+16,1.9758664122319932e+16,7.199380958341072e+16,2.615544110378711e+18,9.452238339940072e+19
151232.50089139497,6.555876222663101e+16,9.832910365726043e+19,2.412955452912298e+16,3.998987642465204e+16,1.995581290918653e+16,7.271215185727046e+16,2.641640765565748e+18,9.546511673374789e+19
154257.25090922287,6.621284459573938e+16,9.930972291777775e+19,2.4370296050696188e+16,4.038885700384452e+16,2.015491283606758e+16,7.343760339327526e+16,2.667995662187856e+18,9.641716274171029e+19
157342.49592740732,6.687340483383868e+16,1.0030003239590629e+20,2.461342181636679e+16,4.079178898726067e+16,2.0355984598438948e+16,7.417023959847266e+16,2.6946115313400673e+18,9.737861602473163e+19
160489.44584595546,6.754051188555946e+16,1.0130013053220214e+20,2.485895720188825e+16,4.119871443007416e+16,2.0559049182459544e+16,7.491013693485763e+16,2.7214911413668e+18,9.834957202120042e+19
163699.33476287458,6.8214235692450584e+16,1.0231011665172998e+20,2.510692794993931e+16,4.1609675995560216e+16,2.076412787827204e+16,7.56573729694385e+16,2.7486372995685494e+18,9.933012701167596e+19
166973.42145813207,6.889464724257042e+16,1.0333009096909344e+20,2.5357360188376284e+16,4.202471698534485e+16,2.097124229420201e+16,7.641202642916502e+16,2.7760528540690985e+18,1.0032037812188473e+20
170312.9898872947,6.958181861711861e+16,1.0436015459263948e+20,2.561028044739659e+16,4.2443881367849304e+16,2.1180414371305724e+16,7.717417725256965e+16,2.803740695555777e+18,1.0132042332502737e+20
173719.3496850406,7.027582304021106e+16,1.054004095270006e+20,2.586571567785862e+16,4.286721380865103e+16,2.139166639851934e+16,7.794390664488978e+16,2.8317037591366303e+18,1.0233036144229396e+20
177193.8366787414,7.097673493015842e+16,1.0645095867377046e+20,2.612369327015551e+16,4.329475970176316e+16,2.1605021028266076e+16,7.872129713485301e+16,2.859945026248962e+18,1.0335029214145626e+20
180737.81341231623,7.168462995199793e+16,1.0751190583000403e+20,2.6384241073549652e+16,4.372656520167683e+16,2.182050129244503e+16,7.950643263284622e+16,2.8884675266090496e+18,1.0438031593324265e+20
184352.66968056257,7.239958507096677e+16,1.0858335568419291e+20,2.664738741585416e+16,4.416267725597879e+16,2.2038130618705732e+16,8.029939849012346e+16,2.9172743401906324e+18,1.0542053416515061e+20
188039.82307417382,7.312167860654485e+16,1.0966541380930203e+20,2.691316112332401e+16,4.460314363831642e+16,2.2257932846896784e+16,8.110028155864222e+16,2.946368599217388e+18,1.0647104901231077e+20
191800.7195356573,7.385099028663429e+16,1.107581866524231e+20,2.7181591540596572e+16,4.504801298144512e+16,2.2479932245555376e+16,8.190917025104261e+16,2.975753490152026e+18,1.0753196346496582e+20
195636.83392637043,7.458760130137166e+16,1.11861781520532e+20,2.7452708550498744e+16,4.549733481005292e+16,2.2704153528285324e+16,8.272615460021912e+16,3.0054322556623555e+18,1.086033813120793e+20
199549.67060489784,7.533159435600891e+16,1.1297630656179046e+20,2.7726542593509136e+16,4.5951159573015816e+16,2.293062186985129e+16,8.355132631785144e+16,3.03540819654169e+18,1.096854071205386e+20
203540.7640169958,7.608305372221986e+16,1.1410187074176808e+20,2.8003124686642596e+16,4.64095386746938e+16,2.315936292179338e+16,8.43847788511851e+16,3.065684673558564e+18,1.1077814620935319e+20
207611.6792973357,7.68420652871238e+16,1.152385838139091e+20,2.8282486441493332e+16,4.687252450483337e+16,2.339040282734779e+16,8.522660743727771e+16,3.096265109207544e+18,1.1188170461820356e+20
211764.0128832824,7.760871659924192e+16,1.1638655628349676e+20,2.856466008114977e+16,4.734017046659954e+16,2.362376823543243e+16,8.607690915383872e+16,3.1271529893305293e+18,1.1299618906963013e+20
215999.39314094806,7.838309691053098e+16,1.1754589936431856e+20,2.88496784556654e+16,4.781253100221542e+16,2.3859486313439484e+16,8.69357829657166e+16,3.158351864574811e+18,1.1412170692409637e+20
220319.48100376702,7.916529721356936e+16,1.1871672492716232e+20,2.9137575055745068e+16,4.828966161564347e+16,2.4097584758551532e+16,8.780332976600408e+16,3.1898653516515256e+18,1.1525836612710125e+20
224725.97062384238,7.99554102728956e+16,1.1989914543922351e+20,2.9428384024279692e+16,4.877161889170147e+16,2.4338091807278204e+16,8.867965241065997e+16,3.22169713435543e+18,1.1640627514746135e+20
229220.59003631922,8.075353064944101e+16,1.2109327389344122e+20,2.9722140165338764e+16,4.925846051096514e+16,2.458103624289053e+16,8.956485574546686e+16,3.253850964304355e+18,1.175655429058228e+20
233805.1018370456,8.155975471692798e+16,1.2229922372672523e+20,3.001887895020577e+16,4.975024525976988e+16,2.4826447400409588e+16,9.045904662407958e+16,3.286330661354239e+18,1.187362786924195e+20
238481.30387378653,8.237418066905608e+16,1.2351710872598802e+20,3.0318636520022736e+16,5.0247033034593e+16,2.5074355168790896e+16,9.13623339158542e+16,3.3191401136434964e+18,1.1991859207303619e+20
243251.02995126226,8.319690851623637e+16,1.2474704292085595e+20,3.062144968458887e+16,5.074888484006189e+16,2.53247899899279e+16,9.227482850208978e+16,3.3522832772184643e+18,1.211125927821046e+20
248116.1505502875,8.402804007060586e+16,1.2598914046188221e+20,3.0927355916844096e+16,5.1255862779811304e+16,2.557778285408701e+16,9.319664325926771e+16,3.3857641751899766e+18,1.2231839060181133e+20
253078.57356129328,8.486767891800144e+16,1.2724351548307058e+20,3.1236393342554348e+16,5.176803003938703e+16,2.5833365291374464e+16,9.412789302783573e+16,3.419586896369797e+18,1.23536095226082e+20
258140.24503251916,8.571593037556312e+16,1.2851028194749204e+20,3.154860072470622e+16,5.22854508603845e+16,2.6091569358827616e+16,9.50686945650526e+16,3.4537555933347005e+18,1.2476581610827278e+20
263303.14993316954,8.657290143360717e+16,1.297895534747564e+20,3.1864017442113708e+16,5.2808190504991384e+16,2.6352427622719496e+16,9.60191664803964e+16,3.4882744798653804e+18,1.2600766229140713e+20
268569.3129318329,8.743870068042098e+16,1.3108144314912496e+20,3.2182683461737036e+16,5.333631521011186e+16,2.6615973135663508e+16,9.69794291520287e+16,3.523147827707261e+18,1.272617422197778e+20
273940.79919046955,8.831343820862325e+16,1.3238606330704034e+20,3.2504639304218464e+16,5.38698921302484e+16,2.688223940810799e+16,9.794960462282869e+16,3.5583799626007296e+18,1.285281635307658e+20
279419.71517427894,8.919722550177214e+16,1.3370352530289312e+20,3.2829926002146396e+16,5.440898926833265e+16,2.715126037381775e+16,9.892981647451941e+16,3.593975259529152e+18,1.2980703282574369e+20
285008.20947776455,9.009017529992506e+16,1.3503393925188094e+20,3.315858505057396e+16,5.495367539371923e+16,2.742307034894924e+16,9.992018967846235e+16,3.6299381371344963e+18,1.3109845541897486e+20
290708.47366731986,9.099240144291346e+16,1.3637741374887164e+20,3.3490658349334336e+16,5.550401994658456e+16,2.769770398434228e+16,1.0092085042174482e+17,3.666273051252412e+18,1.3240253506347426e+20
296522.7431406663,9.190401869015574e+16,1.3773405556226096e+20,3.382618813672091e+16,5.606009292801524e+16,2.797519621067e+16,1.019319259072536e+17,3.7029844875209943e+18,1.337193736528669e+20
302453.2980034796,9.282514251590891e+16,1.3910396930189099e+20,3.416521691412799e+16,5.6621964775113704e+16,2.8255582176113212e+16,1.0295354412652309e+17,3.740076953021008e+18,1.3504907089836186e+20
308502.4639635492,9.375588887895691e+16,1.4048725706021608e+20,3.450778736128177e+16,5.718970622051196e+16,2.853889717625333e+16,1.0398583360423843e+17,3.777554966908449e+18,1.3639172398006626e+20
314672.61324282014,9.469637396583562e+16,1.4188401802600858e+20,3.4853942241732264e+16,5.776338813574226e+16,2.8825176575910524e+16,1.0502892311340798e+17,3.8154230500052756e+18,1.3774742717197089e+20
320966.16550767655,9.564671390682331e+16,1.4329434807004227e+20,3.5203724298320276e+16,5.8343081357994344e+16,2.911445572269158e+16,1.0608294136033614e+17,3.8536857133182464e+18,1.391162714400779e+20
327385.5888178301,9.66070244640475e+16,1.4471833930233173e+20,3.555717613838227e+16,5.892885649986646e+16,2.940676985205105e+16,1.071480166386924e+17,3.892347445461796e+18,1.4049834401327694e+20
333933.4005941867,9.75774206912198e+16,1.461560796006863e+20,3.5914340108512404e+16,5.95207837418083e+16,2.9702153983716016e+16,1.0822427645212563e+17,3.9314126989661e+18,1.4189372792674275e+20
340612.1686060704,9.855801656465747e+16,1.4760765211049673e+20,3.6275258158756e+16,6.011893260704918e+16,3.000064280937084e+16,1.0931184710504851e+17,3.9708858754581965e+18,1.4330250153779365e+20
347424.5119781918,9.954892458542032e+16,1.4907313471588028e+20,3.663997169617292e+16,6.072337171890848e+16,3.0302270571550904e+16,1.1041085326140501e+17,4.0107713097103017e+18,1.4472473801433658e+20
354373.10221775563,1.0055025535257541e+17,1.5055259948249265e+20,3.7008521427772296e+16,6.133416854049302e+16,3.0607070933746416e+16,1.115214174714313e+17,4.0510732525568287e+18,1.4616050479621005e+20
361460.6642621108,1.0156211710777256e+17,1.520461120725479e+20,3.73809471928901e+16,6.195138909689592e+16,3.0915076841775452e+16,1.1264365966661762e+17,4.0917958526885053e+18,1.476098630299536e+20
368689.977547353,1.025846152515154e+17,1.5355373113278002e+20,3.77572877851474e+16,6.257509768012938e+16,3.1226320376540604e+16,1.1377769662329638e+17,4.132943137339783e+18,1.490728669777237e+20
376063.8770983001,1.0361785183170029e+17,1.550755076563253e+20,3.81375807642024e+16,6.3205356537142e+16,3.1540832598344984e+16,1.1492364139548946e+17,4.1745189918933094e+18,1.505495634013053e+20
383585.25464026607,1.0466192500519034e+17,1.5661148431971454e+20,3.8521862257576984e+16,6.3842225541386936e+16,3.1858643383000228e+16,1.1608160271787251e+17,4.2165271384328617e+18,1.5203999092237687e+20
391257.0597330714,1.0571692847339032e+17,1.581616947964028e+20,3.891016675291519e+16,6.4485761848532744e+16,3.217978125002114e+16,1.1725168437991766e+17,4.2589711132840596e+18,1.5354417936041414e+20
399082.30092773284,1.0678295089298093e+17,1.597261630484886e+20,3.930252688109799e+16,6.513601953702067e+16,3.250427318325951e+16,1.184339845725117e+17,4.3018542435898803e+18,1.5506214904983198e+20
407064.0469462875,1.0786007526316544e+17,1.613049025984958e+20,3.969897319071293e+16,6.579304923429463e+16,3.2832144444388404e+16,1.1962859520853814e+17,4.3451796229753114e+18,1.565939101381795e+20
415205.4278852133,1.0894837829096008e+17,1.628979157833204e+20,4.009953391444415e+16,6.645689772964088e+16,3.3163418379703924e+16,1.2083560121913389e+17,4.3889500863633244e+18,1.581394618674228e+20
423509.6364429176,1.1004792973625333e+17,1.6450519299264476e+20,4.0504234728013944e+16,6.712760757468294e+16,3.3498116220768736e+16,1.220550798275207e+17,4.433168184011008e+18,1.5969879184054705e+20
431979.92917177593,1.1115879173851254e+17,1.6612671189434312e+20,4.091309850237164e+16,6.780521667268611e+16,3.383625687946982e+16,1.2328709980250838e+17,4.4778361548417915e+18,1.612718752759056e+20
440619.62775521143,1.1228101812719606e+17,1.6776243664956614e+20,4.132614504988322e+16,6.848975785791928e+16,3.4177856738116576e+16,1.2453172069394093e+17,4.522955899155948e+18,1.6285867425194338e+20
449432.1203103157,1.134146537180656e+17,1.6941231712041478e+20,4.174339086533296e+16,6.9181258466418456e+16,3.4522929435247276e+16,1.2578899205252645e+17,4.568528950807562e+18,1.6445913694506965e+20
458420.862716522,1.1455973359773934e+17,1.7107628807322973e+20,4.216484886259596e+16,6.987973989957648e+16,3.487148564785684e+16,1.270589526366428e+17,4.614556448941678e+18,1.6607319686364365e+20
467589.37997085246,1.1571628239895008e+17,1.7275426838070955e+20,4.259052810788992e+16,7.058521718206311e+16,3.522353287079507e+16,1.2834162960885533e+17,4.661039109390163e+18,1.6770077208115095e+20
476941.2675702695,1.168843135690819e+17,1.7444616022618387e+20,4.3020433550553064e+16,7.129769851564462e+16,3.55790751941198e+16,1.2963703772499493e+17,4.707977195829285e+18,1.693417644718001e+20
486480.1929216749,1.1806382863465368e+17,1.7615184831347812e+20,4.3454565752330504e+16,7.2017184830533624e+16,3.5938113079216696e+16,1.3094517851876466e+17,4.755370490805852e+18,1.7099605895185698e+20
496209.89678010845,1.1925481646450773e+17,1.7787119908591295e+20,4.389292061618309e+16,7.274366933594523e+16,3.630064313452431e+16,1.3226603948491941e+17,4.803218266741838e+18,1.72663522730135e+20
506134.19471571065,1.2045725253451146e+17,1.7960405995803374e+20,4.4335489115654824e+16,7.347713707157987e+16,3.666665789172173e+16,1.3359959326415189e+17,4.851519257029996e+18,1.7434400457112627e+20
516256.97861002485,1.2167109819665027e+17,1.8135025856373477e+20,4.478225702585411e+16,7.421756446178226e+16,3.703614558325148e+16,1.3494579683285454e+17,4.900271627335107e+18,1.7603733407429925e+20
526582.2181822254,1.2289629995540627e+17,1.831096020244598e+20,4.523320465711955e+16,7.496491887414678e+16,3.7409089922062e+16,1.363045907009876e+17,4.949472947216722e+18,1.7774332097313335e+20
537113.9625458699,1.241327887543571e+17,1.848818762411787e+20,4.568830659244469e+16,7.571915818435494e+16,3.7785469884460024e+16,1.3767589812129099e+17,4.999120162190108e+18,1.794617544574517e+20
547856.3417967872,1.2538047927591867e+17,1.866668452138248e+20,4.614753142974238e+16,7.648023034903237e+16,3.8165259496965736e+16,1.3905962431309448e+17,5.049209566342241e+18,1.8119240252261774e+20
558813.568632723,1.266392692571678e+17,1.8846425039184173e+20,4.661084153002651e+16,7.72480729884131e+16,3.8548427628061496e+16,1.4045565570397246e+17,5.099736775619824e+18,1.8293501134911413e+20
569989.9400053774,1.2790903882465074e+17,1.9027381005945445e+20,4.707819277258183e+16,7.80226129805858e+16,3.8934937785720536e+16,1.4186385919247067e+17,5.150696701904858e+18,1.846893047159939e+20
581389.8388054849,1.2918964985106117e+17,1.9209521875919356e+20,4.754953431818392e+16,7.880376606908022e+16,3.932474792159394e+16,1.4328408143510429e+17,5.202083527992899e+18,1.8645498345160553e+20
593017.7355815946,1.304809453366404e+17,1.9392814675712796e+20,4.802480838141661e+16,7.959143648553267e+16,3.9717810242720856e+16,1.4471614816077962e+17,5.253890683586901e+18,1.8823172492493367e+20
604878.1902932265,1.3178274881809355e+17,1.957722395531659e+20,4.850395001311946e+16,8.038551658913742e+16,4.011407103161721e+16,1.4615986351575565e+17,5.306110822418213e+18,1.9001918258077984e+20
616975.854099091,1.3309486380778466e+17,1.9762711743966377e+20,4.898688689397696e+16,8.118588652456742e+16,4.051347047557975e+16,1.4761500944218874e+17,5.35873580060371e+18,1.9181698552191582e+20
629315.4711810729,1.344170732659019e+17,1.9949237511146455e+20,4.947353914024475e+16,8.199241390000568e+16,4.09159425060267e+16,1.4908134509325827e+17,5.411756656346185e+18,1.936247381412128e+20
641901.8806046944,1.357491391082358e+17,2.0136758133035735e+20,4.996381912258305e+16,8.280495348689998e+16,4.13214146486793e+16,1.5055860628779846e+17,5.465163591082179e+18,1.9544201980662068e+20
654740.0182167883,1.3709080175215226e+17,2.0325227864680573e+20,5.045763129894713e+16,8.362334694301886e+16,4.172980788536972e+16,1.5204650500729875e+17,5.518945952179404e+18,1.9726838460173933e+20
667834.918581124,1.3844177970328346e+17,2.0514598318165334e+20,5.095487206246624e+16,8.444742256033947e+16,4.214103652824254e+16,1.535447289380701e+17,5.573092217282867e+18,1.9910336112457777e+20
681191.7169527465,1.3980176918539845e+17,2.0704818447035908e+20,5.145542960521308e+16,8.527699503927962e+16,4.2555008107101784e+16,1.5505294106130458e+17,5.627589980406704e+18,2.009464523469543e+20
694815.6512918015,1.4117044381586691e+17,2.0895834537217422e+20,5.19591837987559e+16,8.611186529073816e+16,4.297162327063468e+16,1.5657077929370944e+17,5.682425939866209e+18,2.027971355368384e+20
708712.0643176375,1.4254745432907016e+17,2.108759020465122e+20,5.2466006092357784e+16,8.695182026738312e+16,4.339077570223146e+16,1.580978561813167e+17,5.737585888142026e+18,2.0465486224579782e+20
722886.4056039902,1.4393242835007371e+17,2.1280026399862283e+20,5.2975759429674904e+16,8.779663282559912e+16,4.381235205110363e+16,1.5963375864904013e+17,5.793054703766598e+18,2.065190583635508e+20
737344.23371607,1.453249702208269e+17,2.1473081419652966e+20,5.348829818478725e+16,8.864606161947507e+16,4.423623187939258e+16,1.61178047808486e+17,5.848816345321019e+18,2.0838912424149533e+20
752091.2183903913,1.4672466088112115e+17,2.1666690926104684e+20,5.400346811838532e+16,8.94998510281931e+16,4.466228762594451e+16,1.6273025882649296e+17,5.904853847628368e+18,2.102644348869381e+20
767133.1427581991,1.4813105780649994e+17,2.1860787973055132e+20,5.452110635491736e+16,9.03577311181592e+16,4.509038458742293e+16,1.642899008568317e+17,5.961149320228144e+18,2.1214434022959917e+20
782475.9056133631,1.495436950052939e+17,2.2055303040205478e+20,5.504104138149841e+16,9.121941764119643e+16,4.5520380917417224e+16,1.658564570374696e+17,6.017683948215146e+18,2.140281654618563e+20
798125.5237256304,1.5096208307691472e+17,2.225016407499756e+20,5.556309306936637e+16,9.208461207010811e+16,4.5952127644197896e+16,1.6742938455576877e+17,6.074437995524376e+18,2.1591521145403467e+20
814088.134200143,1.5238570933352906e+17,2.2445296542389394e+20,5.608707271866569e+16,9.295300167289883e+16,4.638546870776534e+16,1.6900811478396128e+17,6.131390810742535e+18,2.178047552459347e+20
830369.9968841459,1.5381403798720035e+17,2.2640623482643916e+20,5.6612783127326904e+16,9.382425962693214e+16,4.682024101682437e+16,1.7059205348722e+17,6.188520835525315e+18,2.1969605061566772e+20
846977.4968218289,1.5524651040456006e+17,2.2836065577232482e+20,5.714001868480149e+16,9.469804517427877e+16,4.725627452631603e+16,1.7218058110660877e+17,6.245805615698187e+18,2.2158832872673008e+20
863917.1467582654,1.5668254543104397e+17,2.303154122294332e+20,5.766856549140067e+16,9.557400381949885e+16,4.7693392336123176e+16,1.737730531191591e+17,6.303221815116884e+18,2.2348079885411903e+20
881195.5896934308,1.5812153978668083e+17,2.322696661426984e+20,5.8198201503969304e+16,9.645176757106968e+16,4.813141081155537e+16,1.7536880047728256e+17,6.360745232361924e+18,2.25372649190186e+20
898819.6014872994,1.5956286853537427e+17,2.342225583414149e+20,5.872869670860992e+16,9.73309552276426e+16,4.857013972620515e+16,1.769671301296618e+17,6.418350820339091e+18,2.272630477307482e+20
916796.0935170455,1.6100588562955427e+17,2.3617320953043806e+20,5.925981332114785e+16,9.821117271027534e+16,4.900938242774505e+16,1.7856732562570394e+17,6.476012708855101e+18,2.2915114324186844e+20
935132.1153873864,1.6244992453198938e+17,2.3812072136559585e+20,5.979130601599576e+16,9.909201344173048e+16,4.944893602721185e+16,1.801686478055331e+17,6.533704230234117e+18,2.3103606630753917e+20
953834.8576951341,1.6389429891645414e+17,2.4006417761344068e+20,6.032292218404033e+16,9.997305877387259e+16,4.988859161229227e+16,1.8177033557739622e+17,6.591397948036267e+18,2.329169304583409e+20
972911.6548490368,1.653383034488072e+17,2.4200264539529403e+20,6.085440222012712e+16,1.008538784641171e+17,5.032813448508495e+16,1.833716067842154e+17,6.649065688934498e+18,2.3479283338095745e+20
992369.9879460176,1.6678121464988768e+17,2.4393517651531275e+20,6.1385479840658056e+16,1.0173403120178509e+17,5.076734442476709e+16,1.8497165916082787e+17,6.706678577799174e+18,2.3666285820823565e+20
1012217.487704938,1.6822229184144906e+17,2.458608088720718e+20,6.191588243175153e+16,1.0261306518510907e+17,5.1205995975534616e+16,1.8656967138327248e+17,6.764207076032644e+18,2.385260748892221e+20
1032461.9374590368,1.696607781761196e+17,2.477785679529065e+20,6.2445331428329896e+16,1.0349051874949541e+17,5.164385876012019e+16,1.8816480421121264e+17,6.821621023187059e+18,2.4038154163839372e+20
1053111.2762082175,1.7109590175212758e+17,2.4968746840994028e+20,6.2973542724405064e+16,1.043659210474888e+17,5.208069781911088e+16,1.8975620172430963e+17,6.878889681888053e+18,2.42228306462985e+20
1074173.6017323819,1.7252687681322058e+17,2.5158651571644118e+20,6.350022711472089e+16,1.0523879278070694e+17,5.251627397619806e+16,1.913429926530228e+17,6.935981786075697e+18,2.4406540876702748e+20
1095657.1737670295,1.7395290503387613e+17,2.5347470790175782e+20,6.402509076778754e+16,1.0610864698379704e+17,5.295034422938672e+16,1.929242918039305e+17,6.992865592559682e+18,2.4589188103037947e+20
1117570.41724237,1.7537317688950573e+17,2.553510373627372e+20,6.454783573019855e+16,1.0697498986024152e+17,5.338266216807695e+16,1.944992015792532e+17,7.049508935871825e+18,2.4770675056063785e+20
1139921.9255872176,1.7678687311093632e+17,2.5721449274908544e+20,6.506816046196699e+16,1.0783732166956584e+17,5.381297841579567e+16,1.9606681358976976e+17,7.105879286381157e+18,2.4950904131545583e+20
1162720.464098962,1.7819316622197866e+17,2.5906406091969466e+20,6.558576040244271e+16,1.0869513766523278e+17,5.4241041098219464e+16,1.976262103598049e+17,7.161943811619204e+18,2.5129777579232808e+20
1185974.9733809412,1.7959122215837635e+17,2.6089872896648957e+20,6.610032856618223e+16,1.0954792908217338e+17,5.466659633596631e+16,1.9917646712240157e+17,7.217669440742757e+18,2.5307197698248183e+20
1209694.57284856,1.8098020196588794e+17,2.627174863018187e+20,6.661155616794435e+16,1.1039518417258931e+17,5.508938876147487e+16,2.0071665370217126e+17,7.273022932040139e+18,2.5483067038500857e+20
1233888.5643055313,1.823592635746489e+17,2.6451932680491287e+20,6.7119133275761704e+16,1.1123638928828462e+17,5.550916205909985e+16,2.022458364826667e+17,7.327970943364013e+18,2.5657288607686853e+20
1258566.435591642,1.837275636463536e+17,2.6630325102235776e+20,6.762274949081352e+16,1.1207103000741422e+17,5.5925659527373064e+16,2.0376308045443382e+17,7.382480105349761e+18,2.5829766083388136e+20
1283737.864303475,1.8508425949013642e+17,2.680682684169687e+20,6.812209465258435e+16,1.1289859230313994e+17,5.633862466217306e+16,2.052674513391683e+17,7.436517097252899e+18,2.600040402972688e+20
1309412.7215895446,1.8642851104235133e+17,2.6981339965887516e+20,6.86168595675413e+16,1.1371856375125994e+17,5.674780175934449e+16,2.0675801778466512e+17,7.490048725213439e+18,2.616910811797566e+20
1335601.0760213356,1.8775948290476787e+17,2.715376789520236e+20,6.910673675931166e+16,1.1453043477347451e+17,5.715293653509737e+16,2.0823385362446816e+17,7.543042002728006e+18,2.6335785350469878e+20
1362313.1975417624,1.890763464349883e+17,2.7324015638873116e+20,6.959142123808044e+16,1.1533369991250144e+17,5.755377676229917e+16,2.09694040195355e+17,7.595464233083239e+18,2.650034428711052e+20
1389559.5614925977,1.9037828188218038e+17,2.749199003243317e+20,7.0070611286668296e+16,1.1612785913483787e+17,5.795007292056206e+16,2.111376687050097e+17,7.64728309347749e+18,2.6662695273692532e+20
1417350.8527224497,1.9166448056053165e+17,2.7657599976338935e+20,7.054400926049167e+16,1.1691241915652507e+17,5.834157885780679e+16,2.1256384264144534e+17,7.69846672053002e+18,2.6822750671238264e+20
1445697.9697768986,1.9293414705212387e+17,2.7820756674840576e+20,7.101132239835166e+16,1.1768689478686438e+17,5.872805246078436e+16,2.1397168021499507e+17,7.748983796851258e+18,2.6980425085464124e+20
1474612.0291724366,1.9418650143027626e+17,2.7981373874143416e+20,7.147226364075719e+16,1.1845081028461427e+17,5.910925633182446e+16,2.153603168229277e+17,7.798803638321779e+18,2.7135635595460244e+20
1504104.3697558853,1.954207814937609e+17,2.8139368098852343e+20,7.192655245224914e+16,1.1920370072082278e+17,5.948495846889323e+16,2.1672890752606902e+17,7.847896281703571e+18,2.728830198061581e+20
1534186.557151003,1.966362450017104e+17,2.8294658885647873e+20,7.237391564397902e+16,1.1994511334207605e+17,5.985493294585924e+16,2.1807662952612634e+17,7.896232572184908e+18,2.7438346944783434e+20
1564870.3882940232,1.97832171898485e+17,2.8447169013105315e+20,7.281408819259302e+16,1.2067460892762893e+17,6.021896058970437e+16,2.1940268463183782e+17,7.943784250438971e+18,2.75856963366374e+20
1596167.8960599038,1.9900786651729946e+17,2.8596824726533806e+20,7.324681405129744e+16,1.2139176313357488e+17,6.057682965126649e+16,2.207063017015187e+17,7.99052403875918e+18,2.773027936515238e+20
1628091.353981102,2.001626597509898e+17,2.8743555956688303e+20,7.367184694882986e+16,1.2209616781697096e+17,6.092833646597992e+16,2.2198673904912877e+17,8.036425725817622e+18,2.787202880910338e+20
1660653.281060724,2.0129591117796624e+17,2.888729653118835e+20,7.408895117193694e+16,1.2278743233263115e+17,6.1273286100973704e+16,2.2324328680062074e+17,8.081464249581788e+18,2.801088121947174e+20
1693866.4466819386,2.024070111311635e+17,2.902798437746658e+20,7.449790232686989e+16,1.2346518479514312e+17,6.161149298481956e+16,2.2447526918704714e+17,8.125615777914637e+18,2.814677711363261e+20
1727743.8756155774,2.0349538269763258e+17,2.91655617160702e+20,7.489848807535411e+16,1.2412907329858149e+17,6.194278151616499e+16,2.256820467607418e+17,8.168857786378647e+18,2.827966116019751e+20
1762298.853127889,2.0456048363637994e+17,2.929997524314378e+20,7.529050884046755e+16,1.247787670863534e+17,6.226698664748431e+16,2.2686301852083862e+17,8.211169132762434e+18,2.8409482353394398e+20
1797544.930190447,2.056018082021113e+17,2.943117630094076e+20,7.567377847788632e+16,1.2541395766364338e+17,6.2583954440185416e+16,2.2801762393444157e+17,8.252530127851326e+18,2.8536194175883828e+20
1833495.928794256,2.0661888886269632e+17,2.9559121035236796e+20,7.604812490801491e+16,1.260343598450344e+17,6.289354258736782e+16,2.291453448399578e+17,8.292922601970363e+18,2.8659754748935445e+20
1870165.947370141,2.0761129789846662e+17,2.96837705385554e+20,7.641339070462083e+16,1.2663971273004648e+17,6.319562090061102e+16,2.3024570721940147e+17,8.33232996683933e+18,2.8780126968926152e+20
1907569.366317544,2.0857864887183933e+17,2.980509097816385e+20,7.676943363574478e+16,1.272297805995766e+17,6.349007175729255e+16,2.3131828282693734e+17,8.370737272295425e+18,2.889727862916513e+20
1945720.853643895,2.0952059795628483e+17,2.992305370785428e+20,7.711612715283917e+16,1.2780435372654133e+17,6.377679050509129e+16,2.3236269066147434e+17,8.408131257459308e+18,2.9011182526108126e+20
1984635.3707167727,2.104368451142834e+17,3.003763536259289e+20,7.745336082432525e+16,1.2836324909440584e+17,6.405568582052585e+16,2.3337859827185053e+17,8.444500395945376e+18,2.912181654908579e+20
2024328.1781311082,2.1132713511465645e+17,3.0148817935197294e+20,7.77810407100321e+16,1.2890631101773336e+17,6.432668001860115e+16,2.34365722883948e+17,8.479834934746038e+18,2.9229163752748227e+20
2064814.8416937303,2.1219125838052144e+17,3.025658883428985e+20,7.80990896732934e+16,1.2943341165941739e+17,6.458970931089863e+16,2.3532383234004112e+17,8.514126926453314e+18,2.9333212411508074e+20
2106111.238527605,2.1302905166006454e+17,3.036094092286959e+20,7.840744762783184e+16,1.2994445143983926e+17,6.4844724009735784e+16,2.36252745841734e+17,8.547370254518431e+18,2.9433956055359835e+20
2148233.563298157,2.138403985133978e+17,3.046187253695221e+20,7.87060717169509e+16,1.3043935933383616e+17,6.509168867634437e+16,2.3715233448902205e+17,8.579560651291603e+18,2.9531393486550086e+20
2191198.33456412,2.1462522960990246e+17,3.055938748383767e+20,7.899493642297419e+16,1.3091809305207357e+17,6.5330582211363976e+16,2.3802252160927808e+17,8.610695708628209e+18,2.962552877668429e+20
2235022.4012554027,2.1538352283168867e+17,3.065349501968696e+20,7.927403360532482e+16,1.313806391041475e+17,6.556139788632062e+16,2.388632828713224e+17,8.640774880896075e+18,2.9716371243967414e+20
2279722.9492805107,2.1611530318010138e+17,3.0744209806213245e+20,7.954337246611373e+16,1.3182701274155432e+17,6.578414331515697e+16,2.3967464618117837e+17,8.669799480268438e+18,2.9803935410397964e+20
2325317.5082661207,2.1682064248355504e+17,3.0831551846425303e+20,7.980297944260445e+16,1.3225725777946859e+17,6.599884036528873e+16,2.404566913576037e+17,8.697772664239581e+18,2.9888240938858486e+20
2371823.958431443,2.1749965890636192e+17,3.0915546399494675e+20,8.005289802643278e+16,1.3267144629713685e+17,6.620552500808867e+16,2.4120954958704314e+17,8.724699415355015e+18,2.9969312550176666e+20
2419260.537600072,2.1815251625966893e+17,3.099622387495648e+20,8.029318850998949e+16,1.3306967821755554e+17,6.640424710913534e+16,2.419334026592277e+17,8.750586513202819e+18,3.004717992036063e+20
2467645.8483520737,2.1877942311703635e+17,3.1073619706593083e+20,8.052392766090181e+16,1.3345208076798989e+17,6.659507015899944e+16,2.426284819862367e+17,8.775442498769035e+18,3.012187755834704e+20
2516998.865319115,2.193806317386512e+17,3.114777420648972e+20,8.074520832607744e+16,1.3381880782375898e+17,6.677807094578068e+16,2.4329506740945078e+17,8.799277631316066e+18,3.0193444664733735e+20
2567338.9426254975,2.1995643680958442e+17,3.1218732399889344e+20,8.095713896730933e+16,1.3417003913859165e+17,6.6953339171043256e+16,2.4393348580038432e+17,8.822103837998179e+18,3.026192497210079e+20
2618685.8214780074,2.1995643680958442e+17,3.1218732399889344e+20,8.095713896730933e+16,1.3417003913859165e+17,6.6953339171043256e+16,2.4393348580038432e+17,8.822103837998179e+18,3.026192497210079e+20
2671059.6379075674,2.1995643680958442e+17,3.1218732399889344e+20,8.095713896730933e+16,1.3417003913859165e+17,6.6953339171043256e+16,2.4393348580038432e+17,8.822103837998179e+18,3.026192497210079e+20
2724480.930665719,2.1995643680958442e+17,3.1218732399889344e+20,8.095713896730933e+16,1.3417003913859165e+17,6.6953339171043256e+16,2.4393348580038432e+17,8.822103837998179e+18,3.026192497210079e+20
2778970.6492790333,2.1995643680958442e+17,3.1218732399889344e+20,8.095713896730933e+16,1.3417003913859165e+17,6.6953339171043256e+16,2.4393348580038432e+17,8.822103837998179e+18,3.026192497210079e+20
2834550.162264614,2.1995643680958442e+17,3.1218732399889344e+20,8.095713896730933e+16,1.3417003913859165e+17,6.6953339171043256e+16,2.4393348580038432e+17,8.822103837998179e+18,3.026192497210079e+20
2891241.265509906,2.1995643680958442e+17,3.1218732399889344e+20,8.095713896730933e+16,1.3417003913859165e+17,6.6953339171043256e+16,2.4393348580038432e+17,8.822103837998179e+18,3.026192497210079e+20
2949066.1908201044,2.1995643680958442e+17,3.1218732399889344e+20,8.095713896730933e+16,1.3417003913859165e+17,6.6953339171043256e+16,2.4393348580038432e+17,8.822103837998179e+18,3.026192497210079e+20
3008047.6146365064,2.1995643680958442e+17,3.1218732399889344e+20,8.095713896730933e+16,1.3417003913859165e+17,6.6953339171043256e+16,2.4393348580038432e+17,8.822103837998179e+18,3.026192497210079e+20
3068208.6669292366,2.1995643680958442e+17,3.1218732399889344e+20,8.095713896730933e+16,1.3417003913859165e+17,6.6953339171043256e+16,2.4393348580038432e+17,8.822103837998179e+18,3.026192497210079e+20
3129572.9402678213,2.1995643680958442e+17,3.1218732399889344e+20,8.095713896730933e+16,1.3417003913859165e+17,6.6953339171043256e+16,2.4393348580038432e+17,8.822103837998179e+18,3.026192497210079e+20
3192164.4990731776,2.1995643680958442e+17,3.1218732399889344e+20,8.095713896730933e+16,1.3417003913859165e+17,6.6953339171043256e+16,2.4393348580038432e+17,8.822103837998179e+18,3.026192497210079e+20
3256007.889054641,2.1995643680958442e+17,3.1218732399889344e+20,8.095713896730933e+16,1.3417003913859165e+17,6.6953339171043256e+16,2.4393348580038432e+17,8.822103837998179e+18,3.026192497210079e+20
3321128.146835734,2.1995643680958442e+17,3.1218732399889344e+20,8.095713896730933e+16,1.3417003913859165e+17,6.6953339171043256e+16,2.4393348580038432e+17,8.822103837998179e+18,3.026192497210079e+20
3387550.809772449,2.1995643680958442e+17,3.1218732399889344e+20,8.095713896730933e+16,1.3417003913859165e+17,6.6953339171043256e+16,2.4393348580038432e+17,8.822103837998179e+18,3.026192497210079e+20
3455301.925967898,2.1995643680958442e+17,3.1218732399889344e+20,8.095713896730933e+16,1.3417003913859165e+17,6.6953339171043256e+16,2.4393348580038432e+17,8.822103837998179e+18,3.026192497210079e+20
3524408.064487256,2.1995643680958442e+17,3.1218732399889344e+20,8.095713896730933e+16,1.3417003913859165e+17,6.6953339171043256e+16,2.4393348580038432e+17,8.822103837998179e+18,3.026192497210079e+20
3594896.325777001,2.1995643680958442e+17,3.1218732399889344e+20,8.095713896730933e+16,1.3417003913859165e+17,6.6953339171043256e+16,2.4393348580038432e+17,8.822103837998179e+18,3.026192497210079e+20
3666794.3522925414,2.1995643680958442e+17,3.1218732399889344e+20,8.095713896730933e+16,1.3417003913859165e+17,6.6953339171043256e+16,2.4393348580038432e+17,8.822103837998179e+18,3.026192497210079e+20
3740130.3393383925,2.1995643680958442e+17,3.1218732399889344e+20,8.095713896730933e+16,1.3417003913859165e+17,6.6953339171043256e+16,2.4393348580038432e+17,8.822103837998179e+18,3.026192497210079e+20
3814933.0461251605,2.1995643680958442e+17,3.1218732399889344e+20,8.095713896730933e+16,1.3417003913859165e+17,6.6953339171043256e+16,2.4393348580038432e+17,8.822103837998179e+18,3.026192497210079e+20
3891231.8070476637,2.1995643680958442e+17,3.1218732399889344e+20,8.095713896730933e+16,1.3417003913859165e+17,6.6953339171043256e+16,2.4393348580038432e+17,8.822103837998179e+18,3.026192497210079e+20
3969056.543188617,2.1995643680958442e+17,3.1218732399889344e+20,8.095713896730933e+16,1.3417003913859165e+17,6.6953339171043256e+16,2.4393348580038432e+17,8.822103837998179e+18,3.026192497210079e+20
4048437.7740523894,2.1995643680958442e+17,3.1218732399889344e+20,8.095713896730933e+16,1.3417003913859165e+17,6.6953339171043256e+16,2.4393348580038432e+17,8.822103837998179e+18,3.026192497210079e+20
4129406.629533437,2.1995643680958442e+17,3.1218732399889344e+20,8.095713896730933e+16,1.3417003913859165e+17,6.6953339171043256e+16,2.4393348580038432e+17,8.822103837998179e+18,3.026192497210079e+20
4211994.862124106,2.1995643680958442e+17,3.1218732399889344e+20,8.095713896730933e+16,1.3417003913859165e+17,6.6953339171043256e+16,2.4393348580038432e+17,8.822103837998179e+18,3.026192497210079e+20
4296234.859366588,2.1995643680958442e+17,3.1218732399889344e+20,8.095713896730933e+16,1.3417003913859165e+17,6.6953339171043256e+16,2.4393348580038432e+17,8.822103837998179e+18,3.026192497210079e+20
4382159.65655392,2.1995643680958442e+17,3.1218732399889344e+20,8.095713896730933e+16,1.3417003913859165e+17,6.6953339171043256e+16,2.4393348580038432e+17,8.822103837998179e+18,3.026192497210079e+20
4469802.949684999,2.1995643680958442e+17,3.1218732399889344e+20,8.095713896730933e+16,1.3417003913859165e+17,6.6953339171043256e+16,2.4393348580038432e+17,8.822103837998179e+18,3.026192497210079e+20
4559199.108678699,2.1995643680958442e+17,3.1218732399889344e+20,8.095713896730933e+16,1.3417003913859165e+17,6.6953339171043256e+16,2.4393348580038432e+17,8.822103837998179e+18,3.026192497210079e+20
4650383.190852272,2.1995643680958442e+17,3.1218732399889344e+20,8.095713896730933e+16,1.3417003913859165e+17,6.6953339171043256e+16,2.4393348580038432e+17,8.822103837998179e+18,3.026192497210079e+20
4743390.954669318,2.1995643680958442e+17,3.1218732399889344e+20,8.095713896730933e+16,1.3417003913859165e+17,6.6953339171043256e+16,2.4393348580038432e+17,8.822103837998179e+18,3.026192497210079e+20
4838258.873762704,2.1995643680958442e+17,3.1218732399889344e+20,8.095713896730933e+16,1.3417003913859165e+17,6.6953339171043256e+16,2.4393348580038432e+17,8.822103837998179e+18,3.026192497210079e+20
4935024.151237959,2.1995643680958442e+17,3.1218732399889344e+20,8.095713896730933e+16,1.3417003913859165e+17,6.6953339171043256e+16,2.4393348580038432e+17,8.822103837998179e+18,3.026192497210079e+20
5033724.734262718,2.1995643680958442e+17,3.1218732399889344e+20,8.095713896730933e+16,1.3417003913859165e+17,6.6953339171043256e+16,2.4393348580038432e+17,8.822103837998179e+18,3.026192497210079e+20
5134399.3289479725,2.1995643680958442e+17,3.1218732399889344e+20,8.095713896730933e+16,1.3417003913859165e+17,6.6953339171043256e+16,2.4393348580038432e+17,8.822103837998179e+18,3.026192497210079e+20
5237087.415526932,2.1995643680958442e+17,3.1218732399889344e+20,8.095713896730933e+16,1.3417003913859165e+17,6.6953339171043256e+16,2.4393348580038432e+17,8.822103837998179e+18,3.026192497210079e+20
5341829.263837471,2.1995643680958442e+17,3.1218732399889344e+20,8.095713896730933e+16,1.3417003913859165e+17,6.6953339171043256e+16,2.4393348580038432e+17,8.822103837998179e+18,3.026192497210079e+20
5448665.94911422,2.1995643680958442e+17,3.1218732399889344e+20,8.095713896730933e+16,1.3417003913859165e+17,6.6953339171043256e+16,2.4393348580038432e+17,8.822103837998179e+18,3.026192497210079e+20
5557639.368096504,2.1995643680958442e+17,3.1218732399889344e+20,8.095713896730933e+16,1.3417003913859165e+17,6.6953339171043256e+16,2.4393348580038432e+17,8.822103837998179e+18,3.026192497210079e+20
5668792.255458434,2.1995643680958442e+17,3.1218732399889344e+20,8.095713896730933e+16,1.3417003913859165e+17,6.6953339171043256e+16,2.4393348580038432e+17,8.822103837998179e+18,3.026192497210079e+20
5782168.200567603,2.1995643680958442e+17,3.1218732399889344e+20,8.095713896730933e+16,1.3417003913859165e+17,6.6953339171043256e+16,2.4393348580038432e+17,8.822103837998179e+18,3.026192497210079e+20
5897811.664578956,2.1995643680958442e+17,3.1218732399889344e+20,8.095713896730933e+16,1.3417003913859165e+17,6.6953339171043256e+16,2.4393348580038432e+17,8.822103837998179e+18,3.026192497210079e+20
6015767.997870535,2.1995643680958442e+17,3.1218732399889344e+20,8.095713896730933e+16,1.3417003913859165e+17,6.6953339171043256e+16,2.4393348580038432e+17,8.822103837998179e+18,3.026192497210079e+20
6136083.457827945,2.1995643680958442e+17,3.1218732399889344e+20,8.095713896730933e+16,1.3417003913859165e+17,6.6953339171043256e+16,2.4393348580038432e+17,8.822103837998179e+18,3.026192497210079e+20
6258805.226984505,2.1995643680958442e+17,3.1218732399889344e+20,8.095713896730933e+16,1.3417003913859165e+17,6.6953339171043256e+16,2.4393348580038432e+17,8.822103837998179e+18,3.026192497210079e+20
6383981.431524195,2.1995643680958442e+17,3.1218732399889344e+20,8.095713896730933e+16,1.3417003913859165e+17,6.6953339171043256e+16,2.4393348580038432e+17,8.822103837998179e+18,3.026192497210079e+20
6511661.160154679,2.1995643680958442e+17,3.1218732399889344e+20,8.095713896730933e+16,1.3417003913859165e+17,6.6953339171043256e+16,2.4393348580038432e+17,8.822103837998179e+18,3.026192497210079e+20
6641894.483357772,2.1995643680958442e+17,3.1218732399889344e+20,8.095713896730933e+16,1.3417003913859165e+17,6.6953339171043256e+16,2.4393348580038432e+17,8.822103837998179e+18,3.026192497210079e+20
6774732.473024928,2.1995643680958442e+17,3.1218732399889344e+20,8.095713896730933e+16,1.3417003913859165e+17,6.6953339171043256e+16,2.4393348580038432e+17,8.822103837998179e+18,3.026192497210079e+20
6910227.222485427,2.1995643680958442e+17,3.1218732399889344e+20,8.095713896730933e+16,1.3417003913859165e+17,6.6953339171043256e+16,2.4393348580038432e+17,8.822103837998179e+18,3.026192497210079e+20
7048431.866935136,2.1995643680958442e+17,3.1218732399889344e+20,8.095713896730933e+16,1.3417003913859165e+17,6.6953339171043256e+16,2.4393348580038432e+17,8.822103837998179e+18,3.026192497210079e+20
7189400.604273839,2.1995643680958442e+17,3.1218732399889344e+20,8.095713896730933e+16,1.3417003913859165e+17,6.6953339171043256e+16,2.4393348580038432e+17,8.822103837998179e+18,3.026192497210079e+20
7333188.716359315,2.1995643680958442e+17,3.1218732399889344e+20,8.095713896730933e+16,1.3417003913859165e+17,6.6953339171043256e+16,2.4393348580038432e+17,8.822103837998179e+18,3.026192497210079e+20
7479852.590686502,2.1995643680958442e+17,3.1218732399889344e+20,8.095713896730933e+16,1.3417003913859165e+17,6.6953339171043256e+16,2.4393348580038432e+17,8.822103837998179e+18,3.026192497210079e+20
7629449.7425002325,2.1995643680958442e+17,3.1218732399889344e+20,8.095713896730933e+16,1.3417003913859165e+17,6.6953339171043256e+16,2.4393348580038432e+17,8.822103837998179e+18,3.026192497210079e+20
7782038.837350237,2.1995643680958442e+17,3.1218732399889344e+20,8.095713896730933e+16,1.3417003913859165e+17,6.6953339171043256e+16,2.4393348580038432e+17,8.822103837998179e+18,3.026192497210079e+20
7937679.714097242,2.1995643680958442e+17,3.1218732399889344e+20,8.095713896730933e+16,1.3417003913859165e+17,6.6953339171043256e+16,2.4393348580038432e+17,8.822103837998179e+18,3.026192497210079e+20
8096433.408379187,2.1995643680958442e+17,3.1218732399889344e+20,8.095713896730933e+16,1.3417003913859165e+17,6.6953339171043256e+16,2.4393348580038432e+17,8.822103837998179e+18,3.026192497210079e+20
8258362.176546771,2.1995643680958442e+17,3.1218732399889344e+20,8.095713896730933e+16,1.3417003913859165e+17,6.6953339171043256e+16,2.4393348580038432e+17,8.822103837998179e+18,3.026192497210079e+20
8423529.520077707,2.1995643680958442e+17,3.1218732399889344e+20,8.095713896730933e+16,1.3417003913859165e+17,6.6953339171043256e+16,2.4393348580038432e+17,8.822103837998179e+18,3.026192497210079e+20
8592000.210479261,2.1995643680958442e+17,3.1218732399889344e+20,8.095713896730933e+16,1.3417003913859165e+17,6.6953339171043256e+16,2.4393348580038432e+17,8.822103837998179e+18,3.026192497210079e+20
8763840.314688846,2.1995643680958442e+17,3.1218732399889344e+20,8.095713896730933e+16,1.3417003913859165e+17,6.6953339171043256e+16,2.4393348580038432e+17,8.822103837998179e+18,3.026192497210079e+20
8939117.220982624,2.1995643680958442e+17,3.1218732399889344e+20,8.095713896730933e+16,1.3417003913859165e+17,6.6953339171043256e+16,2.4393348580038432e+17,8.822103837998179e+18,3.026192497210079e+20
9117899.665402276,2.1995643680958442e+17,3.1218732399889344e+20,8.095713896730933e+16,1.3417003913859165e+17,6.6953339171043256e+16,2.4393348580038432e+17,8.822103837998179e+18,3.026192497210079e+20
9300257.758710323,2.1995643680958442e+17,3.1218732399889344e+20,8.095713896730933e+16,1.3417003913859165e+17,6.6953339171043256e+16,2.4393348580038432e+17,8.822103837998179e+18,3.026192497210079e+20
9486263.01388453,2.1995643680958442e+17,3.1218732399889344e+20,8.095713896730933e+16,1.3417003913859165e+17,6.6953339171043256e+16,2.4393348580038432e+17,8.822103837998179e+18,3.026192497210079e+20
9675988.37416222,2.1995643680958442e+17,3.1218732399889344e+20,8.095713896730933e+16,1.3417003913859165e+17,6.6953339171043256e+16,2.4393348580038432e+17,8.822103837998179e+18,3.026192497210079e+20
9869508.241645465,2.1995643680958442e+17,3.1218732399889344e+20,8.095713896730933e+16,1.3417003913859165e+17,6.6953339171043256e+16,2.4393348580038432e+17,8.822103837998179e+18,3.026192497210079e+20
10066898.506478375,2.1995643680958442e+17,3.1218732399889344e+20,8.095713896730933e+16,1.3417003913859165e+17,6.6953339171043256e+16,2.4393348580038432e+17,8.822103837998179e+18,3.026192497210079e+20
10268236.576607943,2.1995643680958442e+17,3.1218732399889344e+20,8.095713896730933e+16,1.3417003913859165e+17,6.6953339171043256e+16,2.4393348580038432e+17,8.822103837998179e+18,3.026192497210079e+20
10473601.408140102,2.1995643680958442e+17,3.1218732399889344e+20,8.095713896730933e+16,1.3417003913859165e+17,6.6953339171043256e+16,2.4393348580038432e+17,8.822103837998179e+18,3.026192497210079e+20
10683073.536302906,2.1995643680958442e+17,3.1218732399889344e+20,8.095713896730933e+16,1.3417003913859165e+17,6.6953339171043256e+16,2.4393348580038432e+17,8.822103837998179e+18,3.026192497210079e+20
10896735.107028963,2.1995643680958442e+17,3.1218732399889344e+20,8.095713896730933e+16,1.3417003913859165e+17,6.6953339171043256e+16,2.4393348580038432e+17,8.822103837998179e+18,3.026192497210079e+20
11114669.909169542,2.1995643680958442e+17,3.1218732399889344e+20,8.095713896730933e+16,1.3417003913859165e+17,6.6953339171043256e+16,2.4393348580038432e+17,8.822103837998179e+18,3.026192497210079e+20
11336963.407352932,2.1995643680958442e+17,3.1218732399889344e+20,8.095713896730933e+16,1.3417003913859165e+17,6.6953339171043256e+16,2.4393348580038432e+17,8.822103837998179e+18,3.026192497210079e+20
11563702.77549999,2.1995643680958442e+17,3.1218732399889344e+20,8.095713896730933e+16,1.3417003913859165e+17,6.6953339171043256e+16,2.4393348580038432e+17,8.822103837998179e+18,3.026192497210079e+20
11794976.931009991,2.1995643680958442e+17,3.1218732399889344e+20,8.095713896730933e+16,1.3417003913859165e+17,6.6953339171043256e+16,2.4393348580038432e+17,8.822103837998179e+18,3.026192497210079e+20
12030876.56963019,2.1995643680958442e+17,3.1218732399889344e+20,8.095713896730933e+16,1.3417003913859165e+17,6.6953339171043256e+16,2.4393348580038432e+17,8.822103837998179e+18,3.026192497210079e+20
12271494.201022794,2.1995643680958442e+17,3.1218732399889344e+20,8.095713896730933e+16,1.3417003913859165e+17,6.6953339171043256e+16,2.4393348580038432e+17,8.822103837998179e+18,3.026192497210079e+20
12516924.185043251,2.1995643680958442e+17,3.1218732399889344e+20,8.095713896730933e+16,1.3417003913859165e+17,6.6953339171043256e+16,2.4393348580038432e+17,8.822103837998179e+18,3.026192497210079e+20
12767262.768744117,2.1995643680958442e+17,3.1218732399889344e+20,8.095713896730933e+16,1.3417003913859165e+17,6.6953339171043256e+16,2.4393348580038432e+17,8.822103837998179e+18,3.026192497210079e+20
13022608.124118999,2.1995643680958442e+17,3.1218732399889344e+20,8.095713896730933e+16,1.3417003913859165e+17,6.6953339171043256e+16,2.4393348580038432e+17,8.822103837998179e+18,3.026192497210079e+20
13283060.38660138,2.1995643680958442e+17,3.1218732399889344e+20,8.095713896730933e+16,1.3417003913859165e+17,6.6953339171043256e+16,2.4393348580038432e+17,8.822103837998179e+18,3.026192497210079e+20
13548721.694333406,2.1995643680958442e+17,3.1218732399889344e+20,8.095713896730933e+16,1.3417003913859165e+17,6.6953339171043256e+16,2.4393348580038432e+17,8.822103837998179e+18,3.026192497210079e+20
13819696.228220075,2.1995643680958442e+17,3.1218732399889344e+20,8.095713896730933e+16,1.3417003913859165e+17,6.6953339171043256e+16,2.4393348580038432e+17,8.822103837998179e+18,3.026192497210079e+20
14096090.252784478,2.1995643680958442e+17,3.1218732399889344e+20,8.095713896730933e+16,1.3417003913859165e+17,6.6953339171043256e+16,2.4393348580038432e+17,8.822103837998179e+18,3.026192497210079e+20
14378012.157840168,2.1995643680958442e+17,3.1218732399889344e+20,8.095713896730933e+16,1.3417003913859165e+17,6.6953339171043256e+16,2.4393348580038432e+17,8.822103837998179e+18,3.026192497210079e+20
14665572.500996972,2.1995643680958442e+17,3.1218732399889344e+20,8.095713896730933e+16,1.3417003913859165e+17,6.6953339171043256e+16,2.4393348580038432e+17,8.822103837998179e+18,3.026192497210079e+20
14958884.051016912,2.1995643680958442e+17,3.1218732399889344e+20,8.095713896730933e+16,1.3417003913859165e+17,6.6953339171043256e+16,2.4393348580038432e+17,8.822103837998179e+18,3.026192497210079e+20
15258061.83203725,2.1995643680958442e+17,3.1218732399889344e+20,8.095713896730933e+16,1.3417003913859165e+17,6.6953339171043256e+16,2.4393348580038432e+17,8.822103837998179e+18,3.026192497210079e+20
15563223.168677995,2.1995643680958442e+17,3.1218732399889344e+20,8.095713896730933e+16,1.3417003913859165e+17,6.6953339171043256e+16,2.4393348580038432e+17,8.822103837998179e+18,3.026192497210079e+20
15874487.732051555,2.1995643680958442e+17,3.1218732399889344e+20,8.095713896730933e+16,1.3417003913859165e+17,6.6953339171043256e+16,2.4393348580038432e+17,8.822103837998179e+18,3.026192497210079e+20
16191977.586692587,2.1995643680958442e+17,3.1218732399889344e+20,8.095713896730933e+16,1.3417003913859165e+17,6.6953339171043256e+16,2.4393348580038432e+17,8.822103837998179e+18,3.026192497210079e+20
16515817.23842644,2.1995643680958442e+17,3.1218732399889344e+20,8.095713896730933e+16,1.3417003913859165e+17,6.6953339171043256e+16,2.4393348580038432e+17,8.822103837998179e+18,3.026192497210079e+20
16846133.68319497,2.1995643680958442e+17,3.1218732399889344e+20,8.095713896730933e+16,1.3417003913859165e+17,6.6953339171043256e+16,2.4393348580038432e+17,8.822103837998179e+18,3.026192497210079e+20
17183056.45685887,2.1995643680958442e+17,3.1218732399889344e+20,8.095713896730933e+16,1.3417003913859165e+17,6.6953339171043256e+16,2.4393348580038432e+17,8.822103837998179e+18,3.026192497210079e+20
17526717.68599605,2.1995643680958442e+17,3.1218732399889344e+20,8.095713896730933e+16,1.3417003913859165e+17,6.6953339171043256e+16,2.4393348580038432e+17,8.822103837998179e+18,3.026192497210079e+20
17877252.13971597,2.1995643680958442e+17,3.1218732399889344e+20,8.095713896730933e+16,1.3417003913859165e+17,6.6953339171043256e+16,2.4393348580038432e+17,8.822103837998179e+18,3.026192497210079e+20
18234797.282510288,2.1995643680958442e+17,3.1218732399889344e+20,8.095713896730933e+16,1.3417003913859165e+17,6.6953339171043256e+16,2.4393348580038432e+17,8.822103837998179e+18,3.026192497210079e+20
18599493.328160495,2.1995643680958442e+17,3.1218732399889344e+20,8.095713896730933e+16,1.3417003913859165e+17,6.6953339171043256e+16,2.4393348580038432e+17,8.822103837998179e+18,3.026192497210079e+20
18971483.294723704,2.1995643680958442e+17,3.1218732399889344e+20,8.095713896730933e+16,1.3417003913859165e+17,6.6953339171043256e+16,2.4393348580038432e+17,8.822103837998179e+18,3.026192497210079e+20
19350913.060618177,2.1995643680958442e+17,3.1218732399889344e+20,8.095713896730933e+16,1.3417003913859165e+17,6.6953339171043256e+16,2.4393348580038432e+17,8.822103837998179e+18,3.026192497210079e+20
19737931.421830542,2.1995643680958442e+17,3.1218732399889344e+20,8.095713896730933e+16,1.3417003913859165e+17,6.6953339171043256e+16,2.4393348580038432e+17,8.822103837998179e+18,3.026192497210079e+20
20132690.150267154,2.1995643680958442e+17,3.1218732399889344e+20,8.095713896730933e+16,1.3417003913859165e+17,6.6953339171043256e+16,2.4393348580038432e+17,8.822103837998179e+18,3.026192497210079e+20
20535344.053272497,2.1995643680958442e+17,3.1218732399889344e+20,8.095713896730933e+16,1.3417003913859165e+17,6.6953339171043256e+16,2.4393348580038432e+17,8.822103837998179e+18,3.026192497210079e+20
20946051.034337945,2.1995643680958442e+17,3.1218732399889344e+20,8.095713896730933e+16,1.3417003913859165e+17,6.6953339171043256e+16,2.4393348580038432e+17,8.822103837998179e+18,3.026192497210079e+20
21364972.155024704,2.1995643680958442e+17,3.1218732399889344e+20,8.095713896730933e+16,1.3417003913859165e+17,6.6953339171043256e+16,2.4393348580038432e+17,8.822103837998179e+18,3.026192497210079e+20
21792271.6981252,2.1995643680958442e+17,3.1218732399889344e+20,8.095713896730933e+16,1.3417003913859165e+17,6.6953339171043256e+16,2.4393348580038432e+17,8.822103837998179e+18,3.026192497210079e+20
22228117.2320877,2.1995643680958442e+17,3.1218732399889344e+20,8.095713896730933e+16,1.3417003913859165e+17,6.6953339171043256e+16,2.4393348580038432e+17,8.822103837998179e+18,3.026192497210079e+20
22672679.676729456,2.1995643680958442e+17,3.1218732399889344e+20,8.095713896730933e+16,1.3417003913859165e+17,6.6953339171043256e+16,2.4393348580038432e+17,8.822103837998179e+18,3.026192497210079e+20
23126133.370264046,2.1995643680958442e+17,3.1218732399889344e+20,8.095713896730933e+16,1.3417003913859165e+17,6.6953339171043256e+16,2.4393348580038432e+17,8.822103837998179e+18,3.026192497210079e+20
23588656.13766933,2.1995643680958442e+17,3.1218732399889344e+20,8.095713896730933e+16,1.3417003913859165e+17,6.6953339171043256e+16,2.4393348580038432e+17,8.822103837998179e+18,3.026192497210079e+20
24060429.360422716,2.1995643680958442e+17,3.1218732399889344e+20,8.095713896730933e+16,1.3417003913859165e+17,6.6953339171043256e+16,2.4393348580038432e+17,8.822103837998179e+18,3.026192497210079e+20
24541638.04763117,2.1995643680958442e+17,3.1218732399889344e+20,8.095713896730933e+16,1.3417003913859165e+17,6.6953339171043256e+16,2.4393348580038432e+17,8.822103837998179e+18,3.026192497210079e+20
25032470.908583794,2.1995643680958442e+17,3.1218732399889344e+20,8.095713896730933e+16,1.3417003913859165e+17,6.6953339171043256e+16,2.4393348580038432e+17,8.822103837998179e+18,3.026192497210079e+20
25533120.42675547,2.1995643680958442e+17,3.1218732399889344e+20,8.095713896730933e+16,1.3417003913859165e+17,6.6953339171043256e+16,2.4393348580038432e+17,8.822103837998179e+18,3.026192497210079e+20
26043782.93529058,2.1995643680958442e+17,3.1218732399889344e+20,8.095713896730933e+16,1.3417003913859165e+17,6.6953339171043256e+16,2.4393348580038432e+17,8.822103837998179e+18,3.026192497210079e+20
26564658.693996392,2.1995643680958442e+17,3.1218732399889344e+20,8.095713896730933e+16,1.3417003913859165e+17,6.6953339171043256e+16,2.4393348580038432e+17,8.822103837998179e+18,3.026192497210079e+20
27095951.96787632,2.1995643680958442e+17,3.1218732399889344e+20,8.095713896730933e+16,1.3417003913859165e+17,6.6953339171043256e+16,2.4393348580038432e+17,8.822103837998179e+18,3.026192497210079e+20
27637871.107233845,2.1995643680958442e+17,3.1218732399889344e+20,8.095713896730933e+16,1.3417003913859165e+17,6.6953339171043256e+16,2.4393348580038432e+17,8.822103837998179e+18,3.026192497210079e+20
28190628.629378524,2.1995643680958442e+17,3.1218732399889344e+20,8.095713896730933e+16,1.3417003913859165e+17,6.6953339171043256e+16,2.4393348580038432e+17,8.822103837998179e+18,3.026192497210079e+20
28754441.301966093,2.1995643680958442e+17,3.1218732399889344e+20,8.095713896730933e+16,1.3417003913859165e+17,6.6953339171043256e+16,2.4393348580038432e+17,8.822103837998179e+18,3.026192497210079e+20
29329530.228005417,2.1995643680958442e+17,3.1218732399889344e+20,8.095713896730933e+16,1.3417003913859165e+17,6.6953339171043256e+16,2.4393348580038432e+17,8.822103837998179e+18,3.026192497210079e+20
29916120.932565525,2.1995643680958442e+17,3.1218732399889344e+20,8.095713896730933e+16,1.3417003913859165e+17,6.6953339171043256e+16,2.4393348580038432e+17,8.822103837998179e+18,3.026192497210079e+20
30514443.451216836,2.1995643680958442e+17,3.1218732399889344e+20,8.095713896730933e+16,1.3417003913859165e+17,6.6953339171043256e+16,2.4393348580038432e+17,8.822103837998179e+18,3.026192497210079e+20
31124732.420241173,2.1995643680958442e+17,3.1218732399889344e+20,8.095713896730933e+16,1.3417003913859165e+17,6.6953339171043256e+16,2.4393348580038432e+17,8.822103837998179e+18,3.026192497210079e+20
31747227.168645997,2.1995643680958442e+17,3.1218732399889344e+20,8.095713896730933e+16,1.3417003913859165e+17,6.6953339171043256e+16,2.4393348580038432e+17,8.822103837998179e+18,3.026192497210079e+20
32382171.812018916,2.1995643680958442e+17,3.1218732399889344e+20,8.095713896730933e+16,1.3417003913859165e+17,6.6953339171043256e+16,2.4393348580038432e+17,8.822103837998179e+18,3.026192497210079e+20
33029815.348259296,2.1995643680958442e+17,3.1218732399889344e+20,8.095713896730933e+16,1.3417003913859165e+17,6.6953339171043256e+16,2.4393348580038432e+17,8.822103837998179e+18,3.026192497210079e+20
33690411.75522448,2.1995643680958442e+17,3.1218732399889344e+20,8.095713896730933e+16,1.3417003913859165e+17,6.6953339171043256e+16,2.4393348580038432e+17,8.822103837998179e+18,3.026192497210079e+20
34364220.09032897,2.1995643680958442e+17,3.1218732399889344e+20,8.095713896730933e+16,1.3417003913859165e+17,6.6953339171043256e+16,2.4393348580038432e+17,8.822103837998179e+18,3.026192497210079e+20
35051504.59213555,2.1995643680958442e+17,3.1218732399889344e+20,8.095713896730933e+16,1.3417003913859165e+17,6.6953339171043256e+16,2.4393348580038432e+17,8.822103837998179e+18,3.026192497210079e+20
35752534.78397826,2.1995643680958442e+17,3.1218732399889344e+20,8.095713896730933e+16,1.3417003913859165e+17,6.6953339171043256e+16,2.4393348580038432e+17,8.822103837998179e+18,3.026192497210079e+20
36467585.57965783,2.1995643680958442e+17,3.1218732399889344e+20,8.095713896730933e+16,1.3417003913859165e+17,6.6953339171043256e+16,2.4393348580038432e+17,8.822103837998179e+18,3.026192497210079e+20
37196937.39125099,2.1995643680958442e+17,3.1218732399889344e+20,8.095713896730933e+16,1.3417003913859165e+17,6.6953339171043256e+16,2.4393348580038432e+17,8.822103837998179e+18,3.026192497210079e+20
37940876.23907601,2.1995643680958442e+17,3.1218732399889344e+20,8.095713896730933e+16,1.3417003913859165e+17,6.6953339171043256e+16,2.4393348580038432e+17,8.822103837998179e+18,3.026192497210079e+20
38699693.86385753,2.1995643680958442e+17,3.1218732399889344e+20,8.095713896730933e+16,1.3417003913859165e+17,6.6953339171043256e+16,2.4393348580038432e+17,8.822103837998179e+18,3.026192497210079e+20
39473687.84113468,2.1995643680958442e+17,3.1218732399889344e+20,8.095713896730933e+16,1.3417003913859165e+17,6.6953339171043256e+16,2.4393348580038432e+17,8.822103837998179e+18,3.026192497210079e+20
40263161.697957374,2.1995643680958442e+17,3.1218732399889344e+20,8.095713896730933e+16,1.3417003913859165e+17,6.6953339171043256e+16,2.4393348580038432e+17,8.822103837998179e+18,3.026192497210079e+20
41068425.03191652,2.1995643680958442e+17,3.1218732399889344e+20,8.095713896730933e+16,1.3417003913859165e+17,6.6953339171043256e+16,2.4393348580038432e+17,8.822103837998179e+18,3.026192497210079e+20
41889793.63255485,2.1995643680958442e+17,3.1218732399889344e+20,8.095713896730933e+16,1.3417003913859165e+17,6.6953339171043256e+16,2.4393348580038432e+17,8.822103837998179e+18,3.026192497210079e+20
42727589.60520595,2.1995643680958442e+17,3.1218732399889344e+20,8.095713896730933e+16,1.3417003913859165e+17,6.6953339171043256e+16,2.4393348580038432e+17,8.822103837998179e+18,3.026192497210079e+20
43582141.49731007,2.1995643680958442e+17,3.1218732399889344e+20,8.095713896730933e+16,1.3417003913859165e+17,6.6953339171043256e+16,2.4393348580038432e+17,8.822103837998179e+18,3.026192497210079e+20
44453784.42725627,2.1995643680958442e+17,3.1218732399889344e+20,8.095713896730933e+16,1.3417003913859165e+17,6.6953339171043256e+16,2.4393348580038432e+17,8.822103837998179e+18,3.026192497210079e+20
45342860.215801395,2.1995643680958442e+17,3.1218732399889344e+20,8.095713896730933e+16,1.3417003913859165e+17,6.6953339171043256e+16,2.4393348580038432e+17,8.822103837998179e+18,3.026192497210079e+20
46249717.520117424,2.1995643680958442e+17,3.1218732399889344e+20,8.095713896730933e+16,1.3417003913859165e+17,6.6953339171043256e+16,2.4393348580038432e+17,8.822103837998179e+18,3.026192497210079e+20
47174711.97051977,2.1995643680958442e+17,3.1218732399889344e+20,8.095713896730933e+16,1.3417003913859165e+17,6.6953339171043256e+16,2.4393348580038432e+17,8.822103837998179e+18,3.026192497210079e+20
48118206.30993017,2.1995643680958442e+17,3.1218732399889344e+20,8.095713896730933e+16,1.3417003913859165e+17,6.6953339171043256e+16,2.4393348580038432e+17,8.822103837998179e+18,3.026192497210079e+20
49080570.536128774,2.1995643680958442e+17,3.1218732399889344e+20,8.095713896730933e+16,1.3417003913859165e+17,6.6953339171043256e+16,2.4393348580038432e+17,8.822103837998179e+18,3.026192497210079e+20
50062182.04685135,2.1995643680958442e+17,3.1218732399889344e+20,8.095713896730933e+16,1.3417003913859165e+17,6.6953339171043256e+16,2.4393348580038432e+17,8.822103837998179e+18,3.026192497210079e+20
51063425.78778838,2.1995643680958442e+17,3.1218732399889344e+20,8.095713896730933e+16,1.3417003913859165e+17,6.6953339171043256e+16,2.4393348580038432e+17,8.822103837998179e+18,3.026192497210079e+20
52084694.40354415,2.1995643680958442e+17,3.1218732399889344e+20,8.095713896730933e+16,1.3417003913859165e+17,6.6953339171043256e+16,2.4393348580038432e+17,8.822103837998179e+18,3.026192497210079e+20
53126388.39161503,2.1995643680958442e+17,3.1218732399889344e+20,8.095713896730933e+16,1.3417003913859165e+17,6.6953339171043256e+16,2.4393348580038432e+17,8.822103837998179e+18,3.026192497210079e+20
54188916.259447336,2.1995643680958442e+17,3.1218732399889344e+20,8.095713896730933e+16,1.3417003913859165e+17,6.6953339171043256e+16,2.4393348580038432e+17,8.822103837998179e+18,3.026192497210079e+20
55272694.68463629,2.1995643680958442e+17,3.1218732399889344e+20,8.095713896730933e+16,1.3417003913859165e+17,6.6953339171043256e+16,2.4393348580038432e+17,8.822103837998179e+18,3.026192497210079e+20
56378148.67832901,2.1995643680958442e+17,3.1218732399889344e+20,8.095713896730933e+16,1.3417003913859165e+17,6.6953339171043256e+16,2.4393348580038432e+17,8.822103837998179e+18,3.026192497210079e+20
57505711.75189559,2.1995643680958442e+17,3.1218732399889344e+20,8.095713896730933e+16,1.3417003913859165e+17,6.6953339171043256e+16,2.4393348580038432e+17,8.822103837998179e+18,3.026192497210079e+20
58655826.08693351,2.1995643680958442e+17,3.1218732399889344e+20,8.095713896730933e+16,1.3417003913859165e+17,6.6953339171043256e+16,2.4393348580038432e+17,8.822103837998179e+18,3.026192497210079e+20
59828942.70867218,2.1995643680958442e+17,3.1218732399889344e+20,8.095713896730933e+16,1.3417003913859165e+17,6.6953339171043256e+16,2.4393348580038432e+17,8.822103837998179e+18,3.026192497210079e+20
61025521.66284563,2.1995643680958442e+17,3.1218732399889344e+20,8.095713896730933e+16,1.3417003913859165e+17,6.6953339171043256e+16,2.4393348580038432e+17,8.822103837998179e+18,3.026192497210079e+20
62246032.19610254,2.1995643680958442e+17,3.1218732399889344e+20,8.095713896730933e+16,1.3417003913859165e+17,6.6953339171043256e+16,2.4393348580038432e+17,8.822103837998179e+18,3.026192497210079e+20
63490952.94002459,2.1995643680958442e+17,3.1218732399889344e+20,8.095713896730933e+16,1.3417003913859165e+17,6.6953339171043256e+16,2.4393348580038432e+17,8.822103837998179e+18,3.026192497210079e+20
64760772.09882508,2.1995643680958442e+17,3.1218732399889344e+20,8.095713896730933e+16,1.3417003913859165e+17,6.6953339171043256e+16,2.4393348580038432e+17,8.822103837998179e+18,3.026192497210079e+20
66055987.640801586,2.1995643680958442e+17,3.1218732399889344e+20,8.095713896730933e+16,1.3417003913859165e+17,6.6953339171043256e+16,2.4393348580038432e+17,8.822103837998179e+18,3.026192497210079e+20
67377107.49361762,2.1995643680958442e+17,3.1218732399889344e+20,8.095713896730933e+16,1.3417003913859165e+17,6.6953339171043256e+16,2.4393348580038432e+17,8.822103837998179e+18,3.026192497210079e+20
68724649.74348998,2.1995643680958442e+17,3.1218732399889344e+20,8.095713896730933e+16,1.3417003913859165e+17,6.6953339171043256e+16,2.4393348580038432e+17,8.822103837998179e+18,3.026192497210079e+20
70099142.83835979,2.1995643680958442e+17,3.1218732399889344e+20,8.095713896730933e+16,1.3417003913859165e+17,6.6953339171043256e+16,2.4393348580038432e+17,8.822103837998179e+18,3.026192497210079e+20
71501125.79512699,2.1995643680958442e+17,3.1218732399889344e+20,8.095713896730933e+16,1.3417003913859165e+17,6.6953339171043256e+16,2.4393348580038432e+17,8.822103837998179e+18,3.026192497210079e+20
72931148.41102953,2.1995643680958442e+17,3.1218732399889344e+20,8.095713896730933e+16,1.3417003913859165e+17,6.6953339171043256e+16,2.4393348580038432e+17,8.822103837998179e+18,3.026192497210079e+20
74389771.47925012,2.1995643680958442e+17,3.1218732399889344e+20,8.095713896730933e+16,1.3417003913859165e+17,6.6953339171043256e+16,2.4393348580038432e+17,8.822103837998179e+18,3.026192497210079e+20
75877567.00883512,2.1995643680958442e+17,3.1218732399889344e+20,8.095713896730933e+16,1.3417003913859165e+17,6.6953339171043256e+16,2.4393348580038432e+17,8.822103837998179e+18,3.026192497210079e+20
77395118.44901183,2.1995643680958442e+17,3.1218732399889344e+20,8.095713896730933e+16,1.3417003913859165e+17,6.6953339171043256e+16,2.4393348580038432e+17,8.822103837998179e+18,3.026192497210079e+20
78943020.91799207,2.1995643680958442e+17,3.1218732399889344e+20,8.095713896730933e+16,1.3417003913859165e+17,6.6953339171043256e+16,2.4393348580038432e+17,8.822103837998179e+18,3.026192497210079e+20
80521881.43635191,2.1995643680958442e+17,3.1218732399889344e+20,8.095713896730933e+16,1.3417003913859165e+17,6.6953339171043256e+16,2.4393348580038432e+17,8.822103837998179e+18,3.026192497210079e+20
82132319.16507895,2.1995643680958442e+17,3.1218732399889344e+20,8.095713896730933e+16,1.3417003913859165e+17,6.6953339171043256e+16,2.4393348580038432e+17,8.822103837998179e+18,3.026192497210079e+20
83774965.64838053,2.1995643680958442e+17,3.1218732399889344e+20,8.095713896730933e+16,1.3417003913859165e+17,6.6953339171043256e+16,2.4393348580038432e+17,8.822103837998179e+18,3.026192497210079e+20
85450465.06134814,2.1995643680958442e+17,3.1218732399889344e+20,8.095713896730933e+16,1.3417003913859165e+17,6.6953339171043256e+16,2.4393348580038432e+17,8.822103837998179e+18,3.026192497210079e+20
87159474.46257511,2.1995643680958442e+17,3.1218732399889344e+20,8.095713896730933e+16,1.3417003913859165e+17,6.6953339171043256e+16,2.4393348580038432e+17,8.822103837998179e+18,3.026192497210079e+20
88902664.05182661,2.1995643680958442e+17,3.1218732399889344e+20,8.095713896730933e+16,1.3417003913859165e+17,6.6953339171043256e+16,2.4393348580038432e+17,8.822103837998179e+18,3.026192497210079e+20
90680717.43286315,2.1995643680958442e+17,3.1218732399889344e+20,8.095713896730933e+16,1.3417003913859165e+17,6.6953339171043256e+16,2.4393348580038432e+17,8.822103837998179e+18,3.026192497210079e+20
92494331.8815204,2.1995643680958442e+17,3.1218732399889344e+20,8.095713896730933e+16,1.3417003913859165e+17,6.6953339171043256e+16,2.4393348580038432e+17,8.822103837998179e+18,3.026192497210079e+20
94344218.61915082,2.1995643680958442e+17,3.1218732399889344e+20,8.095713896730933e+16,1.3417003913859165e+17,6.6953339171043256e+16,2.4393348580038432e+17,8.822103837998179e+18,3.026192497210079e+20
96231103.09153384,2.1995643680958442e+17,3.1218732399889344e+20,8.095713896730933e+16,1.3417003913859165e+17,6.6953339171043256e+16,2.4393348580038432e+17,8.822103837998179e+18,3.026192497210079e+20
98155725.25336452,2.1995643680958442e+17,3.1218732399889344e+20,8.095713896730933e+16,1.3417003913859165e+17,6.6953339171043256e+16,2.4393348580038432e+17,8.822103837998179e+18,3.026192497210079e+20
100118839.85843182,2.1995643680958442e+17,3.1218732399889344e+20,8.095713896730933e+16,1.3417003913859165e+17,6.6953339171043256e+16,2.4393348580038432e+17,8.822103837998179e+18,3.026192497210079e+20
102121216.75560045,2.1995643680958442e+17,3.1218732399889344e+20,8.095713896730933e+16,1.3417003913859165e+17,6.6953339171043256e+16,2.4393348580038432e+17,8.822103837998179e+18,3.026192497210079e+20
104163641.19071247,2.1995643680958442e+17,3.1218732399889344e+20,8.095713896730933e+16,1.3417003913859165e+17,6.6953339171043256e+16,2.4393348580038432e+17,8.822103837998179e+18,3.026192497210079e+20
106246914.11452672,2.1995643680958442e+17,3.1218732399889344e+20,8.095713896730933e+16,1.3417003913859165e+17,6.6953339171043256e+16,2.4393348580038432e+17,8.822103837998179e+18,3.026192497210079e+20
108371852.49681726,2.1995643680958442e+17,3.1218732399889344e+20,8.095713896730933e+16,1.3417003913859165e+17,6.6953339171043256e+16,2.4393348580038432e+17,8.822103837998179e+18,3.026192497210079e+20
110539289.64675361,2.1995643680958442e+17,3.1218732399889344e+20,8.095713896730933e+16,1.3417003913859165e+17,6.6953339171043256e+16,2.4393348580038432e+17,8.822103837998179e+18,3.026192497210079e+20
112750075.53968868,2.1995643680958442e+17,3.1218732399889344e+20,8.095713896730933e+16,1.3417003913859165e+17,6.6953339171043256e+16,2.4393348580038432e+17,8.822103837998179e+18,3.026192497210079e+20
115005077.15048245,2.1995643680958442e+17,3.1218732399889344e+20,8.095713896730933e+16,1.3417003913859165e+17,6.6953339171043256e+16,2.4393348580038432e+17,8.822103837998179e+18,3.026192497210079e+20
117305178.7934921,2.1995643680958442e+17,3.1218732399889344e+20,8.095713896730933e+16,1.3417003913859165e+17,6.6953339171043256e+16,2.4393348580038432e+17,8.822103837998179e+18,3.026192497210079e+20
119651282.46936193,2.1995643680958442e+17,3.1218732399889344e+20,8.095713896730933e+16,1.3417003913859165e+17,6.6953339171043256e+16,2.4393348580038432e+17,8.822103837998179e+18,3.026192497210079e+20
122044308.21874917,2.1995643680958442e+17,3.1218732399889344e+20,8.095713896730933e+16,1.3417003913859165e+17,6.6953339171043256e+16,2.4393348580038432e+17,8.822103837998179e+18,3.026192497210079e+20
124485194.48312415,2.1995643680958442e+17,3.1218732399889344e+20,8.095713896730933e+16,1.3417003913859165e+17,6.6953339171043256e+16,2.4393348580038432e+17,8.822103837998179e+18,3.026192497210079e+20
126974898.47278664,2.1995643680958442e+17,3.1218732399889344e+20,8.095713896730933e+16,1.3417003913859165e+17,6.6953339171043256e+16,2.4393348580038432e+17,8.822103837998179e+18,3.026192497210079e+20
129514396.54224238,2.1995643680958442e+17,3.1218732399889344e+20,8.095713896730933e+16,1.3417003913859165e+17,6.6953339171043256e+16,2.4393348580038432e+17,8.822103837998179e+18,3.026192497210079e+20
132104684.57308723,2.1995643680958442e+17,3.1218732399889344e+20,8.095713896730933e+16,1.3417003913859165e+17,6.6953339171043256e+16,2.4393348580038432e+17,8.822103837998179e+18,3.026192497210079e+20
134746778.36454898,2.1995643680958442e+17,3.1218732399889344e+20,8.095713896730933e+16,1.3417003913859165e+17,6.6953339171043256e+16,2.4393348580038432e+17,8.822103837998179e+18,3.026192497210079e+20
137441714.03183997,2.1995643680958442e+17,3.1218732399889344e+20,8.095713896730933e+16,1.3417003913859165e+17,6.6953339171043256e+16,2.4393348580038432e+17,8.822103837998179e+18,3.026192497210079e+20
140190548.41247678,2.1995643680958442e+17,3.1218732399889344e+20,8.095713896730933e+16,1.3417003913859165e+17,6.6953339171043256e+16,2.4393348580038432e+17,8.822103837998179e+18,3.026192497210079e+20
142994359.48072633,2.1995643680958442e+17,3.1218732399889344e+20,8.095713896730933e+16,1.3417003913859165e+17,6.6953339171043256e+16,2.4393348580038432e+17,8.822103837998179e+18,3.026192497210079e+20
145854246.77034086,2.1995643680958442e+17,3.1218732399889344e+20,8.095713896730933e+16,1.3417003913859165e+17,6.6953339171043256e+16,2.4393348580038432e+17,8.822103837998179e+18,3.026192497210079e+20
148771331.8057477,2.1995643680958442e+17,3.1218732399889344e+20,8.095713896730933e+16,1.3417003913859165e+17,6.6953339171043256e+16,2.4393348580038432e+17,8.822103837998179e+18,3.026192497210079e+20
151746758.54186264,2.1995643680958442e+17,3.1218732399889344e+20,8.095713896730933e+16,1.3417003913859165e+17,6.6953339171043256e+16,2.4393348580038432e+17,8.822103837998179e+18,3.026192497210079e+20
154781693.81269988,2.1995643680958442e+17,3.1218732399889344e+20,8.095713896730933e+16,1.3417003913859165e+17,6.6953339171043256e+16,2.4393348580038432e+17,8.822103837998179e+18,3.026192497210079e+20
157877327.7889539,2.1995643680958442e+17,3.1218732399889344e+20,8.095713896730933e+16,1.3417003913859165e+17,6.6953339171043256e+16,2.4393348580038432e+17,8.822103837998179e+18,3.026192497210079e+20
161034874.444733,2.1995643680958442e+17,3.1218732399889344e+20,8.095713896730933e+16,1.3417003913859165e+17,6.6953339171043256e+16,2.4393348580038432e+17,8.822103837998179e+18,3.026192497210079e+20
164255572.03362766,2.1995643680958442e+17,3.1218732399889344e+20,8.095713896730933e+16,1.3417003913859165e+17,6.6953339171043256e+16,2.4393348580038432e+17,8.822103837998179e+18,3.026192497210079e+20
167540683.57430023,2.1995643680958442e+17,3.1218732399889344e+20,8.095713896730933e+16,1.3417003913859165e+17,6.6953339171043256e+16,2.4393348580038432e+17,8.822103837998179e+18,3.026192497210079e+20
170891497.34578624,2.1995643680958442e+17,3.1218732399889344e+20,8.095713896730933e+16,1.3417003913859165e+17,6.6953339171043256e+16,2.4393348580038432e+17,8.822103837998179e+18,3.026192497210079e+20
174309327.39270198,2.1995643680958442e+17,3.1218732399889344e+20,8.095713896730933e+16,1.3417003913859165e+17,6.6953339171043256e+16,2.4393348580038432e+17,8.822103837998179e+18,3.026192497210079e+20
177795514.040556,2.1995643680958442e+17,3.1218732399889344e+20,8.095713896730933e+16,1.3417003913859165e+17,6.6953339171043256e+16,2.4393348580038432e+17,8.822103837998179e+18,3.026192497210079e+20
181351424.42136714,2.1995643680958442e+17,3.1218732399889344e+20,8.095713896730933e+16,1.3417003913859165e+17,6.6953339171043256e+16,2.4393348580038432e+17,8.822103837998179e+18,3.026192497210079e+20
184978453.00979447,2.1995643680958442e+17,3.1218732399889344e+20,8.095713896730933e+16,1.3417003913859165e+17,6.6953339171043256e+16,2.4393348580038432e+17,8.822103837998179e+18,3.026192497210079e+20
188678022.16999036,2.1995643680958442e+17,3.1218732399889344e+20,8.095713896730933e+16,1.3417003913859165e+17,6.6953339171043256e+16,2.4393348580038432e+17,8.822103837998179e+18,3.026192497210079e+20
192451582.71339017,2.1995643680958442e+17,3.1218732399889344e+20,8.095713896730933e+16,1.3417003913859165e+17,6.6953339171043256e+16,2.4393348580038432e+17,8.822103837998179e+18,3.026192497210079e+20
196300614.46765798,2.1995643680958442e+17,3.1218732399889344e+20,8.095713896730933e+16,1.3417003913859165e+17,6.6953339171043256e+16,2.4393348580038432e+17,8.822103837998179e+18,3.026192497210079e+20
200226626.85701114,2.1995643680958442e+17,3.1218732399889344e+20,8.095713896730933e+16,1.3417003913859165e+17,6.6953339171043256e+16,2.4393348580038432e+17,8.822103837998179e+18,3.026192497210079e+20
204231159.49415135,2.1995643680958442e+17,3.1218732399889344e+20,8.095713896730933e+16,1.3417003913859165e+17,6.6953339171043256e+16,2.4393348580038432e+17,8.822103837998179e+18,3.026192497210079e+20
208315782.78403437,2.1995643680958442e+17,3.1218732399889344e+20,8.095713896730933e+16,1.3417003913859165e+17,6.6953339171043256e+16,2.4393348580038432e+17,8.822103837998179e+18,3.026192497210079e+20
212482098.53971505,2.1995643680958442e+17,3.1218732399889344e+20,8.095713896730933e+16,1.3417003913859165e+17,6.6953339171043256e+16,2.4393348580038432e+17,8.822103837998179e+18,3.026192497210079e+20
216731740.61050937,2.1995643680958442e+17,3.1218732399889344e+20,8.095713896730933e+16,1.3417003913859165e+17,6.6953339171043256e+16,2.4393348580038432e+17,8.822103837998179e+18,3.026192497210079e+20
221066375.52271956,2.1995643680958442e+17,3.1218732399889344e+20,8.095713896730933e+16,1.3417003913859165e+17,6.6953339171043256e+16,2.4393348580038432e+17,8.822103837998179e+18,3.026192497210079e+20
225487703.13317394,2.1995643680958442e+17,3.1218732399889344e+20,8.095713896730933e+16,1.3417003913859165e+17,6.6953339171043256e+16,2.4393348580038432e+17,8.822103837998179e+18,3.026192497210079e+20
229997457.29583743,2.1995643680958442e+17,3.1218732399889344e+20,8.095713896730933e+16,1.3417003913859165e+17,6.6953339171043256e+16,2.4393348580038432e+17,8.822103837998179e+18,3.026192497210079e+20
234597406.5417542,2.1995643680958442e+17,3.1218732399889344e+20,8.095713896730933e+16,1.3417003913859165e+17,6.6953339171043256e+16,2.4393348580038432e+17,8.822103837998179e+18,3.026192497210079e+20
239289354.77258927,2.1995643680958442e+17,3.1218732399889344e+20,8.095713896730933e+16,1.3417003913859165e+17,6.6953339171043256e+16,2.4393348580038432e+17,8.822103837998179e+18,3.026192497210079e+20
244075141.96804106,2.1995643680958442e+17,3.1218732399889344e+20,8.095713896730933e+16,1.3417003913859165e+17,6.6953339171043256e+16,2.4393348580038432e+17,8.822103837998179e+18,3.026192497210079e+20
248956644.9074019,2.1995643680958442e+17,3.1218732399889344e+20,8.095713896730933e+16,1.3417003913859165e+17,6.6953339171043256e+16,2.4393348580038432e+17,8.822103837998179e+18,3.026192497210079e+20
253935777.90554994,2.1995643680958442e+17,3.1218732399889344e+20,8.095713896730933e+16,1.3417003913859165e+17,6.6953339171043256e+16,2.4393348580038432e+17,8.822103837998179e+18,3.026192497210079e+20
259014493.56366095,2.1995643680958442e+17,3.1218732399889344e+20,8.095713896730933e+16,1.3417003913859165e+17,6.6953339171043256e+16,2.4393348580038432e+17,8.822103837998179e+18,3.026192497210079e+20
264194783.53493416,2.1995643680958442e+17,3.1218732399889344e+20,8.095713896730933e+16,1.3417003913859165e+17,6.6953339171043256e+16,2.4393348580038432e+17,8.822103837998179e+18,3.026192497210079e+20
269478679.3056328,2.1995643680958442e+17,3.1218732399889344e+20,8.095713896730933e+16,1.3417003913859165e+17,6.6953339171043256e+16,2.4393348580038432e+17,8.822103837998179e+18,3.026192497210079e+20
274868252.9917455,2.1995643680958442e+17,3.1218732399889344e+20,8.095713896730933e+16,1.3417003913859165e+17,6.6953339171043256e+16,2.4393348580038432e+17,8.822103837998179e+18,3.026192497210079e+20
280365618.1515804,2.1995643680958442e+17,3.1218732399889344e+20,8.095713896730933e+16,1.3417003913859165e+17,6.6953339171043256e+16,2.4393348580038432e+17,8.822103837998179e+18,3.026192497210079e+20
285972930.614612,2.1995643680958442e+17,3.1218732399889344e+20,8.095713896730933e+16,1.3417003913859165e+17,6.6953339171043256e+16,2.4393348580038432e+17,8.822103837998179e+18,3.026192497210079e+20
291692389.32690424,2.1995643680958442e+17,3.1218732399889344e+20,8.095713896730933e+16,1.3417003913859165e+17,6.6953339171043256e+16,2.4393348580038432e+17,8.822103837998179e+18,3.026192497210079e+20
297526237.2134423,2.1995643680958442e+17,3.1218732399889344e+20,8.095713896730933e+16,1.3417003913859165e+17,6.6953339171043256e+16,2.4393348580038432e+17,8.822103837998179e+18,3.026192497210079e+20
303476762.0577112,2.1995643680958442e+17,3.1218732399889344e+20,8.095713896730933e+16,1.3417003913859165e+17,6.6953339171043256e+16,2.4393348580038432e+17,8.822103837998179e+18,3.026192497210079e+20
309546297.3988654,2.1995643680958442e+17,3.1218732399889344e+20,8.095713896730933e+16,1.3417003913859165e+17,6.6953339171043256e+16,2.4393348580038432e+17,8.822103837998179e+18,3.026192497210079e+20
315737223.44684273,2.1995643680958442e+17,3.1218732399889344e+20,8.095713896730933e+16,1.3417003913859165e+17,6.6953339171043256e+16,2.4393348580038432e+17,8.822103837998179e+18,3.026192497210079e+20
322051968.0157796,2.1995643680958442e+17,3.1218732399889344e+20,8.095713896730933e+16,1.3417003913859165e+17,6.6953339171043256e+16,2.4393348580038432e+17,8.822103837998179e+18,3.026192497210079e+20
328493007.4760952,2.1995643680958442e+17,3.1218732399889344e+20,8.095713896730933e+16,1.3417003913859165e+17,6.6953339171043256e+16,2.4393348580038432e+17,8.822103837998179e+18,3.026192497210079e+20
335062867.7256171,2.1995643680958442e+17,3.1218732399889344e+20,8.095713896730933e+16,1.3417003913859165e+17,6.6953339171043256e+16,2.4393348580038432e+17,8.822103837998179e+18,3.026192497210079e+20
341764125.18012947,2.1995643680958442e+17,3.1218732399889344e+20,8.095713896730933e+16,1.3417003913859165e+17,6.6953339171043256e+16,2.4393348580038432e+17,8.822103837998179e+18,3.026192497210079e+20
348599407.78373206,2.1995643680958442e+17,3.1218732399889344e+20,8.095713896730933e+16,1.3417003913859165e+17,6.6953339171043256e+16,2.4393348580038432e+17,8.822103837998179e+18,3.026192497210079e+20
355571396.0394067,2.1995643680958442e+17,3.1218732399889344e+20,8.095713896730933e+16,1.3417003913859165e+17,6.6953339171043256e+16,2.4393348580038432e+17,8.822103837998179e+18,3.026192497210079e+20
362682824.06019485,2.1995643680958442e+17,3.1218732399889344e+20,8.095713896730933e+16,1.3417003913859165e+17,6.6953339171043256e+16,2.4393348580038432e+17,8.822103837998179e+18,3.026192497210079e+20
369936480.6413987,2.1995643680958442e+17,3.1218732399889344e+20,8.095713896730933e+16,1.3417003913859165e+17,6.6953339171043256e+16,2.4393348580038432e+17,8.822103837998179e+18,3.026192497210079e+20
377335210.3542267,2.1995643680958442e+17,3.1218732399889344e+20,8.095713896730933e+16,1.3417003913859165e+17,6.6953339171043256e+16,2.4393348580038432e+17,8.822103837998179e+18,3.026192497210079e+20
384881914.66131127,2.1995643680958442e+17,3.1218732399889344e+20,8.095713896730933e+16,1.3417003913859165e+17,6.6953339171043256e+16,2.4393348580038432e+17,8.822103837998179e+18,3.026192497210079e+20
392579553.0545375,2.1995643680958442e+17,3.1218732399889344e+20,8.095713896730933e+16,1.3417003913859165e+17,6.6953339171043256e+16,2.4393348580038432e+17,8.822103837998179e+18,3.026192497210079e+20
400431144.2156282,2.1995643680958442e+17,3.1218732399889344e+20,8.095713896730933e+16,1.3417003913859165e+17,6.6953339171043256e+16,2.4393348580038432e+17,8.822103837998179e+18,3.026192497210079e+20
408439767.1999408,2.1995643680958442e+17,3.1218732399889344e+20,8.095713896730933e+16,1.3417003913859165e+17,6.6953339171043256e+16,2.4393348580038432e+17,8.822103837998179e+18,3.026192497210079e+20
416608562.6439396,2.1995643680958442e+17,3.1218732399889344e+20,8.095713896730933e+16,1.3417003913859165e+17,6.6953339171043256e+16,2.4393348580038432e+17,8.822103837998179e+18,3.026192497210079e+20
424940733.9968184,2.1995643680958442e+17,3.1218732399889344e+20,8.095713896730933e+16,1.3417003913859165e+17,6.6953339171043256e+16,2.4393348580038432e+17,8.822103837998179e+18,3.026192497210079e+20
433439548.7767548,2.1995643680958442e+17,3.1218732399889344e+20,8.095713896730933e+16,1.3417003913859165e+17,6.6953339171043256e+16,2.4393348580038432e+17,8.822103837998179e+18,3.026192497210079e+20
442108339.8522899,2.1995643680958442e+17,3.1218732399889344e+20,8.095713896730933e+16,1.3417003913859165e+17,6.6953339171043256e+16,2.4393348580038432e+17,8.822103837998179e+18,3.026192497210079e+20
450950506.7493357,2.1995643680958442e+17,3.1218732399889344e+20,8.095713896730933e+16,1.3417003913859165e+17,6.6953339171043256e+16,2.4393348580038432e+17,8.822103837998179e+18,3.026192497210079e+20
459969516.9843224,2.1995643680958442e+17,3.1218732399889344e+20,8.095713896730933e+16,1.3417003913859165e+17,6.6953339171043256e+16,2.4393348580038432e+17,8.822103837998179e+18,3.026192497210079e+20
469168907.4240089,2.1995643680958442e+17,3.1218732399889344e+20,8.095713896730933e+16,1.3417003913859165e+17,6.6953339171043256e+16,2.4393348580038432e+17,8.822103837998179e+18,3.026192497210079e+20
478552285.6724891,2.1995643680958442e+17,3.1218732399889344e+20,8.095713896730933e+16,1.3417003913859165e+17,6.6953339171043256e+16,2.4393348580038432e+17,8.822103837998179e+18,3.026192497210079e+20
488123331.4859389,2.1995643680958442e+17,3.1218732399889344e+20,8.095713896730933e+16,1.3417003913859165e+17,6.6953339171043256e+16,2.4393348580038432e+17,8.822103837998179e+18,3.026192497210079e+20
497885798.2156577,2.1995643680958442e+17,3.1218732399889344e+20,8.095713896730933e+16,1.3417003913859165e+17,6.6953339171043256e+16,2.4393348580038432e+17,8.822103837998179e+18,3.026192497210079e+20
507843514.2799709,2.1995643680958442e+17,3.1218732399889344e+20,8.095713896730933e+16,1.3417003913859165e+17,6.6953339171043256e+16,2.4393348580038432e+17,8.822103837998179e+18,3.026192497210079e+20
518000384.6655703,2.1995643680958442e+17,3.1218732399889344e+20,8.095713896730933e+16,1.3417003913859165e+17,6.6953339171043256e+16,2.4393348580038432e+17,8.822103837998179e+18,3.026192497210079e+20
528360392.45888174,2.1995643680958442e+17,3.1218732399889344e+20,8.095713896730933e+16,1.3417003913859165e+17,6.6953339171043256e+16,2.4393348580038432e+17,8.822103837998179e+18,3.026192497210079e+20
538927600.4080594,2.1995643680958442e+17,3.1218732399889344e+20,8.095713896730933e+16,1.3417003913859165e+17,6.6953339171043256e+16,2.4393348580038432e+17,8.822103837998179e+18,3.026192497210079e+20
549706152.5162206,2.1995643680958442e+17,3.1218732399889344e+20,8.095713896730933e+16,1.3417003913859165e+17,6.6953339171043256e+16,2.4393348580038432e+17,8.822103837998179e+18,3.026192497210079e+20
560700275.666545,2.1995643680958442e+17,3.1218732399889344e+20,8.095713896730933e+16,1.3417003913859165e+17,6.6953339171043256e+16,2.4393348580038432e+17,8.822103837998179e+18,3.026192497210079e+20
571914281.279876,2.1995643680958442e+17,3.1218732399889344e+20,8.095713896730933e+16,1.3417003913859165e+17,6.6953339171043256e+16,2.4393348580038432e+17,8.822103837998179e+18,3.026192497210079e+20
583352567.0054735,2.1995643680958442e+17,3.1218732399889344e+20,8.095713896730933e+16,1.3417003913859165e+17,6.6953339171043256e+16,2.4393348580038432e+17,8.822103837998179e+18,3.026192497210079e+20
595019618.445583,2.1995643680958442e+17,3.1218732399889344e+20,8.095713896730933e+16,1.3417003913859165e+17,6.6953339171043256e+16,2.4393348580038432e+17,8.822103837998179e+18,3.026192497210079e+20
606920010.9144946,2.1995643680958442e+17,3.1218732399889344e+20,8.095713896730933e+16,1.3417003913859165e+17,6.6953339171043256e+16,2.4393348580038432e+17,8.822103837998179e+18,3.026192497210079e+20
619058411.2327845,2.1995643680958442e+17,3.1218732399889344e+20,8.095713896730933e+16,1.3417003913859165e+17,6.6953339171043256e+16,2.4393348580038432e+17,8.822103837998179e+18,3.026192497210079e+20
631439579.5574402,2.1995643680958442e+17,3.1218732399889344e+20,8.095713896730933e+16,1.3417003913859165e+17,6.6953339171043256e+16,2.4393348580038432e+17,8.822103837998179e+18,3.026192497210079e+20
644068371.2485889,2.1995643680958442e+17,3.1218732399889344e+20,8.095713896730933e+16,1.3417003913859165e+17,6.6953339171043256e+16,2.4393348580038432e+17,8.822103837998179e+18,3.026192497210079e+20
656949738.7735608,2.1995643680958442e+17,3.1218732399889344e+20,8.095713896730933e+16,1.3417003913859165e+17,6.6953339171043256e+16,2.4393348580038432e+17,8.822103837998179e+18,3.026192497210079e+20
670088733.649032,2.1995643680958442e+17,3.1218732399889344e+20,8.095713896730933e+16,1.3417003913859165e+17,6.6953339171043256e+16,2.4393348580038432e+17,8.822103837998179e+18,3.026192497210079e+20
683490508.4220127,2.1995643680958442e+17,3.1218732399889344e+20,8.095713896730933e+16,1.3417003913859165e+17,6.6953339171043256e+16,2.4393348580038432e+17,8.822103837998179e+18,3.026192497210079e+20
697160318.6904529,2.1995643680958442e+17,3.1218732399889344e+20,8.095713896730933e+16,1.3417003913859165e+17,6.6953339171043256e+16,2.4393348580038432e+17,8.822103837998179e+18,3.026192497210079e+20
711103525.164262,2.1995643680958442e+17,3.1218732399889344e+20,8.095713896730933e+16,1.3417003913859165e+17,6.6953339171043256e+16,2.4393348580038432e+17,8.822103837998179e+18,3.026192497210079e+20
725325595.7675472,2.1995643680958442e+17,3.1218732399889344e+20,8.095713896730933e+16,1.3417003913859165e+17,6.6953339171043256e+16,2.4393348580038432e+17,8.822103837998179e+18,3.026192497210079e+20
739832107.7828982,2.1995643680958442e+17,3.1218732399889344e+20,8.095713896730933e+16,1.3417003913859165e+17,6.6953339171043256e+16,2.4393348580038432e+17,8.822103837998179e+18,3.026192497210079e+20
754628750.0385561,2.1995643680958442e+17,3.1218732399889344e+20,8.095713896730933e+16,1.3417003913859165e+17,6.6953339171043256e+16,2.4393348580038432e+17,8.822103837998179e+18,3.026192497210079e+20
769721325.1393273,2.1995643680958442e+17,3.1218732399889344e+20,8.095713896730933e+16,1.3417003913859165e+17,6.6953339171043256e+16,2.4393348580038432e+17,8.822103837998179e+18,3.026192497210079e+20
785115751.7421138,2.1995643680958442e+17,3.1218732399889344e+20,8.095713896730933e+16,1.3417003913859165e+17,6.6953339171043256e+16,2.4393348580038432e+17,8.822103837998179e+18,3.026192497210079e+20
800818066.8769561,2.1995643680958442e+17,3.1218732399889344e+20,8.095713896730933e+16,1.3417003913859165e+17,6.6953339171043256e+16,2.4393348580038432e+17,8.822103837998179e+18,3.026192497210079e+20
816834428.3144952,2.1995643680958442e+17,3.1218732399889344e+20,8.095713896730933e+16,1.3417003913859165e+17,6.6953339171043256e+16,2.4393348580038432e+17,8.822103837998179e+18,3.026192497210079e+20
833171116.9807851,2.1995643680958442e+17,3.1218732399889344e+20,8.095713896730933e+16,1.3417003913859165e+17,6.6953339171043256e+16,2.4393348580038432e+17,8.822103837998179e+18,3.026192497210079e+20
849834539.4204009,2.1995643680958442e+17,3.1218732399889344e+20,8.095713896730933e+16,1.3417003913859165e+17,6.6953339171043256e+16,2.4393348580038432e+17,8.822103837998179e+18,3.026192497210079e+20
866831230.3088089,2.1995643680958442e+17,3.1218732399889344e+20,8.095713896730933e+16,1.3417003913859165e+17,6.6953339171043256e+16,2.4393348580038432e+17,8.822103837998179e+18,3.026192497210079e+20
884167855.0149851,2.1995643680958442e+17,3.1218732399889344e+20,8.095713896730933e+16,1.3417003913859165e+17,6.6953339171043256e+16,2.4393348580038432e+17,8.822103837998179e+18,3.026192497210079e+20
901851212.2152848,2.1995643680958442e+17,3.1218732399889344e+20,8.095713896730933e+16,1.3417003913859165e+17,6.6953339171043256e+16,2.4393348580038432e+17,8.822103837998179e+18,3.026192497210079e+20
919888236.5595906,2.1995643680958442e+17,3.1218732399889344e+20,8.095713896730933e+16,1.3417003913859165e+17,6.6953339171043256e+16,2.4393348580038432e+17,8.822103837998179e+18,3.026192497210079e+20
938286001.3907824,2.1995643680958442e+17,3.1218732399889344e+20,8.095713896730933e+16,1.3417003913859165e+17,6.6953339171043256e+16,2.4393348580038432e+17,8.822103837998179e+18,3.026192497210079e+20
957051721.518598,2.1995643680958442e+17,3.1218732399889344e+20,8.095713896730933e+16,1.3417003913859165e+17,6.6953339171043256e+16,2.4393348580038432e+17,8.822103837998179e+18,3.026192497210079e+20
976192756.04897,2.1995643680958442e+17,3.1218732399889344e+20,8.095713896730933e+16,1.3417003913859165e+17,6.6953339171043256e+16,2.4393348580038432e+17,8.822103837998179e+18,3.026192497210079e+20
995716611.2699494,2.1995643680958442e+17,3.1218732399889344e+20,8.095713896730933e+16,1.3417003913859165e+17,6.6953339171043256e+16,2.4393348580038432e+17,8.822103837998179e+18,3.026192497210079e+20
1000000000.0,2.1995643680958442e+17,3.1218732399889344e+20,8.095713896730933e+16,1.3417003913859165e+17,6.6953339171043256e+16,2.4393348580038432e+17,8.822103837998179e+18,3.026192497210079e+20
